	(1)	(2)	(3)	(4)	(5)	(6)	(7)	(8)	(9)	(10)	(11)	(12)	(13)	(14)	(15)	(16)	(17)	(18)	(19)	(20)	(21)	(22)	(23)	(24)	(25)	(26)	(27)	(28)	(29)	(30)	(31)	(32)	(33)	(34)	(35)	(36)	(37)	(38)	(39)	(40)	(41)	(42)	(43)	(44)	(45)	(46)	(47)	(48)	(49)	(50)	(51)	(52)	(53)	(54)	(55)	(56)	(57)	(58)	(59)	(60)	(61)	(62)	(63)	(64)	(65)	(66)	(67)	(68)	(69)	(70)	(71)	(72)	(73)	(74)	(75)	(76)	(77)	(78)	(79)	(80)	(81)	(82)	(83)	(84)	(85)	(86)	(87)	(88)	(89)	(90)	(91)	(92)	(93)	(94)	(95)	(96)	(97)	(98)	(99)	(100)	(101)	(102)	(103)	(104)	(105)	(106)	(107)	(108)
	spk_r1d1				spk_r1d1				spk_r1d1				spk_r1d1				spk_r1d1				spk_r1d1				spk_r1d1				spk_r1d1				spk_r1d1				spk_r1d1				spk_r1d1				spk_r1d1				spk_r1d1				spk_r1d1				spk_r1d1				spk_r1d1				spk_r1d1				spk_r1d1				spk_r1d1				spk_r1d1				spk_r1d1				spk_r1d1				spk_r1d1				spk_r1d1				spk_r1d1				spk_r1d1				spk_r1d1			
VARIABLES	y1	se	ci	pval	y1	se	ci	pval	y1	se	ci	pval	y1	se	ci	pval	y1	se	ci	pval	y1	se	ci	pval	y1	se	ci	pval	y1	se	ci	pval	y1	se	ci	pval	y1	se	ci	pval	y1	se	ci	pval	y1	se	ci	pval	y1	se	ci	pval	y1	se	ci	pval	y1	se	ci	pval	y1	se	ci	pval	y1	se	ci	pval	y1	se	ci	pval	y1	se	ci	pval	y1	se	ci	pval	y1	se	ci	pval	y1	se	ci	pval	y1	se	ci	pval	y1	se	ci	pval	y1	se	ci	pval	y1	se	ci	pval	y1	se	ci	pval
																																																																																																												
2.region4	2.7	(4.5)	[-0.061 - 0.114]	0.551	2.7	(4.5)	[-0.061 - 0.114]	0.551					2.8	(4.5)	[-0.060 - 0.116]	0.528	2.8	(4.5)	[-0.060 - 0.116]	0.528					2.8	(4.4)	[-0.059 - 0.115]	0.532	2.8	(4.4)	[-0.059 - 0.115]	0.532					4.6	(4.0)	[-0.032 - 0.124]	0.247	4.6	(4.0)	[-0.032 - 0.124]	0.247					5.3	(4.0)	[-0.025 - 0.130]	0.184	5.3	(4.0)	[-0.025 - 0.130]	0.184					5.0	(4.0)	[-0.027 - 0.128]	0.205	5.0	(4.0)	[-0.027 - 0.128]	0.205					-0.4	(4.3)	[-0.089 - 0.080]	0.918	-0.4	(4.3)	[-0.089 - 0.080]	0.918					-0.5	(4.3)	[-0.090 - 0.080]	0.909	-0.5	(4.3)	[-0.090 - 0.080]	0.909					-0.2	(4.3)	[-0.087 - 0.083]	0.965	-0.2	(4.3)	[-0.087 - 0.083]	0.965				
3.region4	-1.1	(4.4)	[-0.096 - 0.075]	0.808	-1.1	(4.4)	[-0.096 - 0.075]	0.808					-0.3	(4.4)	[-0.089 - 0.083]	0.940	-0.3	(4.4)	[-0.089 - 0.083]	0.940					-0.3	(4.3)	[-0.088 - 0.082]	0.945	-0.3	(4.3)	[-0.088 - 0.082]	0.945					1.1	(3.7)	[-0.062 - 0.083]	0.769	1.1	(3.7)	[-0.062 - 0.083]	0.769					2.5	(3.7)	[-0.048 - 0.099]	0.497	2.5	(3.7)	[-0.048 - 0.099]	0.497					2.5	(3.7)	[-0.048 - 0.098]	0.506	2.5	(3.7)	[-0.048 - 0.098]	0.506					-8.7	(4.2)	[-0.168 - -0.006]	0.036	-8.7	(4.2)	[-0.168 - -0.006]	0.036					-8.1	(4.2)	[-0.164 - 0.001]	0.053	-8.1	(4.2)	[-0.164 - 0.001]	0.053					-8.2	(4.2)	[-0.164 - 0.000]	0.051	-8.2	(4.2)	[-0.164 - 0.000]	0.051				
4.region4	3.6	(4.8)	[-0.057 - 0.130]	0.448	3.6	(4.8)	[-0.057 - 0.130]	0.448					4.0	(4.8)	[-0.054 - 0.134]	0.401	4.0	(4.8)	[-0.054 - 0.134]	0.401					4.0	(4.8)	[-0.054 - 0.133]	0.405	4.0	(4.8)	[-0.054 - 0.133]	0.405					6.2	(3.9)	[-0.015 - 0.139]	0.116	6.2	(3.9)	[-0.015 - 0.139]	0.116					7.2	(4.0)	[-0.005 - 0.150]	0.068	7.2	(4.0)	[-0.005 - 0.150]	0.068					7.2	(4.0)	[-0.006 - 0.150]	0.069	7.2	(4.0)	[-0.006 - 0.150]	0.069					2.8	(4.6)	[-0.062 - 0.117]	0.544	2.8	(4.6)	[-0.062 - 0.117]	0.544					2.9	(4.6)	[-0.061 - 0.118]	0.532	2.9	(4.6)	[-0.061 - 0.118]	0.532					2.7	(4.5)	[-0.062 - 0.117]	0.547	2.7	(4.5)	[-0.062 - 0.117]	0.547				
1.metro	2.4	(4.6)	[-0.067 - 0.115]	0.609	2.4	(4.6)	[-0.067 - 0.115]	0.609					2.5	(4.6)	[-0.065 - 0.115]	0.586	2.5	(4.6)	[-0.065 - 0.115]	0.586					2.8	(4.6)	[-0.062 - 0.119]	0.537	2.8	(4.6)	[-0.062 - 0.119]	0.537					4.4	(4.1)	[-0.036 - 0.124]	0.279	4.4	(4.1)	[-0.036 - 0.124]	0.279					4.4	(4.0)	[-0.034 - 0.123]	0.266	4.4	(4.0)	[-0.034 - 0.123]	0.266					4.6	(4.0)	[-0.031 - 0.124]	0.243	4.6	(4.0)	[-0.031 - 0.124]	0.243					5.0	(4.6)	[-0.039 - 0.140]	0.273	5.0	(4.6)	[-0.039 - 0.140]	0.273					5.3	(4.5)	[-0.035 - 0.141]	0.239	5.3	(4.5)	[-0.035 - 0.141]	0.239					4.8	(4.5)	[-0.040 - 0.136]	0.287	4.8	(4.5)	[-0.040 - 0.136]	0.287				
1.female	-11.9	(2.8)	[-0.174 - -0.064]	0.000	-11.9	(2.8)	[-0.174 - -0.064]	0.000					-12.3	(2.8)	[-0.178 - -0.068]	0.000	-12.3	(2.8)	[-0.178 - -0.068]	0.000					-12.6	(2.8)	[-0.180 - -0.071]	0.000	-12.6	(2.8)	[-0.180 - -0.071]	0.000					-3.3	(2.5)	[-0.082 - 0.017]	0.195	-3.3	(2.5)	[-0.082 - 0.017]	0.195					-4.2	(2.5)	[-0.092 - 0.007]	0.094	-4.2	(2.5)	[-0.092 - 0.007]	0.094					-4.3	(2.5)	[-0.093 - 0.007]	0.089	-4.3	(2.5)	[-0.093 - 0.007]	0.089					0.2	(2.8)	[-0.054 - 0.058]	0.945	0.2	(2.8)	[-0.054 - 0.058]	0.945					-0.6	(2.8)	[-0.061 - 0.050]	0.842	-0.6	(2.8)	[-0.061 - 0.050]	0.842					-0.4	(2.8)	[-0.059 - 0.052]	0.891	-0.4	(2.8)	[-0.059 - 0.052]	0.891				
2.age4	-10.5	(4.9)	[-0.202 - -0.009]	0.032	-10.5	(4.9)	[-0.202 - -0.009]	0.032					-11.5	(4.9)	[-0.212 - -0.018]	0.020	-11.5	(4.9)	[-0.212 - -0.018]	0.020					-11.6	(4.9)	[-0.212 - -0.020]	0.018	-11.6	(4.9)	[-0.212 - -0.020]	0.018					-6.7	(4.6)	[-0.158 - 0.025]	0.152	-6.7	(4.6)	[-0.158 - 0.025]	0.152					-7.1	(4.6)	[-0.161 - 0.018]	0.119	-7.1	(4.6)	[-0.161 - 0.018]	0.119					-7.1	(4.5)	[-0.160 - 0.019]	0.120	-7.1	(4.5)	[-0.160 - 0.019]	0.120					-10.5	(4.7)	[-0.197 - -0.014]	0.024	-10.5	(4.7)	[-0.197 - -0.014]	0.024					-10.7	(4.7)	[-0.199 - -0.015]	0.022	-10.7	(4.7)	[-0.199 - -0.015]	0.022					-10.6	(4.7)	[-0.198 - -0.014]	0.023	-10.6	(4.7)	[-0.198 - -0.014]	0.023				
3.age4	-17.2	(5.2)	[-0.274 - -0.070]	0.001	-17.2	(5.2)	[-0.274 - -0.070]	0.001					-17.4	(5.2)	[-0.276 - -0.072]	0.001	-17.4	(5.2)	[-0.276 - -0.072]	0.001					-17.5	(5.2)	[-0.276 - -0.074]	0.001	-17.5	(5.2)	[-0.276 - -0.074]	0.001					-13.2	(5.0)	[-0.230 - -0.033]	0.009	-13.2	(5.0)	[-0.230 - -0.033]	0.009					-12.9	(5.0)	[-0.227 - -0.032]	0.009	-12.9	(5.0)	[-0.227 - -0.032]	0.009					-12.9	(4.9)	[-0.226 - -0.032]	0.009	-12.9	(4.9)	[-0.226 - -0.032]	0.009					-19.6	(4.9)	[-0.292 - -0.100]	0.000	-19.6	(4.9)	[-0.292 - -0.100]	0.000					-19.4	(4.9)	[-0.289 - -0.098]	0.000	-19.4	(4.9)	[-0.289 - -0.098]	0.000					-19.3	(4.9)	[-0.288 - -0.097]	0.000	-19.3	(4.9)	[-0.288 - -0.097]	0.000				
4.age4	-17.1	(6.0)	[-0.289 - -0.054]	0.004	-17.1	(6.0)	[-0.289 - -0.054]	0.004					-17.6	(6.0)	[-0.293 - -0.058]	0.003	-17.6	(6.0)	[-0.293 - -0.058]	0.003					-17.5	(6.0)	[-0.292 - -0.058]	0.003	-17.5	(6.0)	[-0.292 - -0.058]	0.003					-16.7	(5.5)	[-0.276 - -0.059]	0.003	-16.7	(5.5)	[-0.276 - -0.059]	0.003					-17.1	(5.4)	[-0.277 - -0.064]	0.002	-17.1	(5.4)	[-0.277 - -0.064]	0.002					-17.1	(5.4)	[-0.277 - -0.065]	0.002	-17.1	(5.4)	[-0.277 - -0.065]	0.002					-16.1	(5.8)	[-0.274 - -0.048]	0.005	-16.1	(5.8)	[-0.274 - -0.048]	0.005					-16.5	(5.7)	[-0.277 - -0.052]	0.004	-16.5	(5.7)	[-0.277 - -0.052]	0.004					-16.4	(5.7)	[-0.276 - -0.052]	0.004	-16.4	(5.7)	[-0.276 - -0.052]	0.004				
2.race4	0.4	(4.9)	[-0.093 - 0.100]	0.938	0.4	(4.9)	[-0.093 - 0.100]	0.938					-2.0	(5.2)	[-0.121 - 0.082]	0.704	-2.0	(5.2)	[-0.121 - 0.082]	0.704					-2.6	(5.1)	[-0.125 - 0.073]	0.604	-2.6	(5.1)	[-0.125 - 0.073]	0.604					2.0	(4.4)	[-0.065 - 0.106]	0.643	2.0	(4.4)	[-0.065 - 0.106]	0.643					-1.7	(4.4)	[-0.103 - 0.069]	0.703	-1.7	(4.4)	[-0.103 - 0.069]	0.703					-1.6	(4.4)	[-0.102 - 0.070]	0.712	-1.6	(4.4)	[-0.102 - 0.070]	0.712					0.2	(5.0)	[-0.096 - 0.099]	0.970	0.2	(5.0)	[-0.096 - 0.099]	0.970					-4.1	(5.2)	[-0.143 - 0.062]	0.437	-4.1	(5.2)	[-0.143 - 0.062]	0.437					-3.8	(5.2)	[-0.141 - 0.064]	0.463	-3.8	(5.2)	[-0.141 - 0.064]	0.463				
3.race4	-4.1	(5.8)	[-0.154 - 0.073]	0.481	-4.1	(5.8)	[-0.154 - 0.073]	0.481					-4.5	(5.8)	[-0.157 - 0.068]	0.438	-4.5	(5.8)	[-0.157 - 0.068]	0.438					-4.5	(5.7)	[-0.157 - 0.066]	0.425	-4.5	(5.7)	[-0.157 - 0.066]	0.425					-1.0	(4.8)	[-0.104 - 0.085]	0.841	-1.0	(4.8)	[-0.104 - 0.085]	0.841					-2.4	(4.7)	[-0.116 - 0.067]	0.601	-2.4	(4.7)	[-0.116 - 0.067]	0.601					-2.3	(4.7)	[-0.115 - 0.068]	0.615	-2.3	(4.7)	[-0.115 - 0.068]	0.615					1.9	(5.5)	[-0.088 - 0.126]	0.724	1.9	(5.5)	[-0.088 - 0.126]	0.724					1.2	(5.4)	[-0.094 - 0.118]	0.828	1.2	(5.4)	[-0.094 - 0.118]	0.828					1.0	(5.5)	[-0.097 - 0.117]	0.855	1.0	(5.5)	[-0.097 - 0.117]	0.855				
4.race4	4.5	(4.5)	[-0.043 - 0.133]	0.319	4.5	(4.5)	[-0.043 - 0.133]	0.319					2.8	(4.5)	[-0.061 - 0.117]	0.540	2.8	(4.5)	[-0.061 - 0.117]	0.540					2.7	(4.5)	[-0.062 - 0.115]	0.557	2.7	(4.5)	[-0.062 - 0.115]	0.557					-4.6	(3.6)	[-0.118 - 0.025]	0.204	-4.6	(3.6)	[-0.118 - 0.025]	0.204					-6.4	(3.6)	[-0.135 - 0.007]	0.077	-6.4	(3.6)	[-0.135 - 0.007]	0.077					-6.5	(3.6)	[-0.135 - 0.006]	0.072	-6.5	(3.6)	[-0.135 - 0.006]	0.072					-8.0	(4.2)	[-0.162 - 0.002]	0.055	-8.0	(4.2)	[-0.162 - 0.002]	0.055					-9.3	(4.2)	[-0.175 - -0.011]	0.027	-9.3	(4.2)	[-0.175 - -0.011]	0.027					-9.2	(4.2)	[-0.174 - -0.010]	0.027	-9.2	(4.2)	[-0.174 - -0.010]	0.027				
2.hhsize	-7.3	(5.0)	[-0.171 - 0.024]	0.141	-7.3	(5.0)	[-0.171 - 0.024]	0.141					-8.0	(5.0)	[-0.178 - 0.018]	0.108	-8.0	(5.0)	[-0.178 - 0.018]	0.108					-7.8	(5.0)	[-0.176 - 0.020]	0.119	-7.8	(5.0)	[-0.176 - 0.020]	0.119					-4.0	(4.5)	[-0.128 - 0.048]	0.370	-4.0	(4.5)	[-0.128 - 0.048]	0.370					-5.2	(4.6)	[-0.141 - 0.038]	0.258	-5.2	(4.6)	[-0.141 - 0.038]	0.258					-5.3	(4.5)	[-0.141 - 0.036]	0.245	-5.3	(4.5)	[-0.141 - 0.036]	0.245					-9.9	(4.5)	[-0.187 - -0.012]	0.026	-9.9	(4.5)	[-0.187 - -0.012]	0.026					-10.7	(4.5)	[-0.194 - -0.019]	0.017	-10.7	(4.5)	[-0.194 - -0.019]	0.017					-10.6	(4.5)	[-0.193 - -0.019]	0.017	-10.6	(4.5)	[-0.193 - -0.019]	0.017				
3.hhsize	-10.2	(5.4)	[-0.208 - 0.003]	0.058	-10.2	(5.4)	[-0.208 - 0.003]	0.058					-10.6	(5.4)	[-0.211 - -0.000]	0.049	-10.6	(5.4)	[-0.211 - -0.000]	0.049					-10.3	(5.4)	[-0.208 - 0.003]	0.056	-10.3	(5.4)	[-0.208 - 0.003]	0.056					-7.1	(4.7)	[-0.163 - 0.022]	0.133	-7.1	(4.7)	[-0.163 - 0.022]	0.133					-7.6	(4.7)	[-0.168 - 0.017]	0.108	-7.6	(4.7)	[-0.168 - 0.017]	0.108					-7.7	(4.7)	[-0.170 - 0.015]	0.099	-7.7	(4.7)	[-0.170 - 0.015]	0.099					-17.2	(5.1)	[-0.272 - -0.072]	0.001	-17.2	(5.1)	[-0.272 - -0.072]	0.001					-17.7	(5.1)	[-0.277 - -0.077]	0.001	-17.7	(5.1)	[-0.277 - -0.077]	0.001					-17.7	(5.1)	[-0.277 - -0.077]	0.001	-17.7	(5.1)	[-0.277 - -0.077]	0.001				
4.hhsize	1.1	(6.0)	[-0.106 - 0.128]	0.858	1.1	(6.0)	[-0.106 - 0.128]	0.858					1.0	(6.0)	[-0.107 - 0.128]	0.862	1.0	(6.0)	[-0.107 - 0.128]	0.862					1.4	(6.0)	[-0.103 - 0.131]	0.817	1.4	(6.0)	[-0.103 - 0.131]	0.817					-2.2	(5.6)	[-0.132 - 0.088]	0.693	-2.2	(5.6)	[-0.132 - 0.088]	0.693					-2.7	(5.7)	[-0.139 - 0.084]	0.629	-2.7	(5.7)	[-0.139 - 0.084]	0.629					-2.8	(5.7)	[-0.139 - 0.084]	0.628	-2.8	(5.7)	[-0.139 - 0.084]	0.628					-14.4	(5.6)	[-0.254 - -0.034]	0.010	-14.4	(5.6)	[-0.254 - -0.034]	0.010					-14.4	(5.6)	[-0.255 - -0.034]	0.011	-14.4	(5.6)	[-0.255 - -0.034]	0.011					-14.6	(5.6)	[-0.256 - -0.035]	0.010	-14.6	(5.6)	[-0.256 - -0.035]	0.010				
5.hhsize	-2.0	(6.7)	[-0.151 - 0.112]	0.768	-2.0	(6.7)	[-0.151 - 0.112]	0.768					-2.1	(6.7)	[-0.151 - 0.110]	0.755	-2.1	(6.7)	[-0.151 - 0.110]	0.755					-1.4	(6.6)	[-0.144 - 0.116]	0.838	-1.4	(6.6)	[-0.144 - 0.116]	0.838					-4.5	(5.8)	[-0.159 - 0.069]	0.435	-4.5	(5.8)	[-0.159 - 0.069]	0.435					-5.8	(5.8)	[-0.170 - 0.055]	0.316	-5.8	(5.8)	[-0.170 - 0.055]	0.316					-5.9	(5.7)	[-0.172 - 0.053]	0.302	-5.9	(5.7)	[-0.172 - 0.053]	0.302					-3.2	(6.0)	[-0.151 - 0.086]	0.593	-3.2	(6.0)	[-0.151 - 0.086]	0.593					-4.9	(6.0)	[-0.168 - 0.069]	0.414	-4.9	(6.0)	[-0.168 - 0.069]	0.414					-5.4	(6.0)	[-0.172 - 0.063]	0.366	-5.4	(6.0)	[-0.172 - 0.063]	0.366				
6.hhsize	-3.5	(6.8)	[-0.168 - 0.098]	0.608	-3.5	(6.8)	[-0.168 - 0.098]	0.608					-3.7	(6.8)	[-0.169 - 0.096]	0.586	-3.7	(6.8)	[-0.169 - 0.096]	0.586					-3.1	(6.8)	[-0.163 - 0.102]	0.650	-3.1	(6.8)	[-0.163 - 0.102]	0.650					2.1	(5.9)	[-0.094 - 0.136]	0.718	2.1	(5.9)	[-0.094 - 0.136]	0.718					1.4	(5.8)	[-0.100 - 0.129]	0.806	1.4	(5.8)	[-0.100 - 0.129]	0.806					1.0	(5.8)	[-0.104 - 0.124]	0.864	1.0	(5.8)	[-0.104 - 0.124]	0.864					-12.5	(5.9)	[-0.241 - -0.009]	0.035	-12.5	(5.9)	[-0.241 - -0.009]	0.035					-13.4	(5.9)	[-0.250 - -0.018]	0.023	-13.4	(5.9)	[-0.250 - -0.018]	0.023					-13.2	(5.9)	[-0.248 - -0.016]	0.025	-13.2	(5.9)	[-0.248 - -0.016]	0.025				
2.marital	-5.4	(8.3)	[-0.216 - 0.109]	0.518	-5.4	(8.3)	[-0.216 - 0.109]	0.518					-5.9	(8.2)	[-0.220 - 0.103]	0.477	-5.9	(8.2)	[-0.220 - 0.103]	0.477					-5.9	(8.2)	[-0.220 - 0.101]	0.469	-5.9	(8.2)	[-0.220 - 0.101]	0.469					6.4	(7.9)	[-0.090 - 0.219]	0.414	6.4	(7.9)	[-0.090 - 0.219]	0.414					5.4	(7.8)	[-0.099 - 0.207]	0.492	5.4	(7.8)	[-0.099 - 0.207]	0.492					5.3	(7.7)	[-0.099 - 0.205]	0.494	5.3	(7.7)	[-0.099 - 0.205]	0.494					-6.0	(6.5)	[-0.188 - 0.067]	0.354	-6.0	(6.5)	[-0.188 - 0.067]	0.354					-7.2	(6.3)	[-0.195 - 0.051]	0.253	-7.2	(6.3)	[-0.195 - 0.051]	0.253					-7.0	(6.4)	[-0.194 - 0.055]	0.272	-7.0	(6.4)	[-0.194 - 0.055]	0.272				
3.marital	1.2	(5.0)	[-0.086 - 0.109]	0.813	1.2	(5.0)	[-0.086 - 0.109]	0.813					1.1	(5.0)	[-0.087 - 0.108]	0.829	1.1	(5.0)	[-0.087 - 0.108]	0.829					1.3	(5.0)	[-0.084 - 0.111]	0.790	1.3	(5.0)	[-0.084 - 0.111]	0.790					-1.7	(3.8)	[-0.092 - 0.058]	0.660	-1.7	(3.8)	[-0.092 - 0.058]	0.660					-2.5	(3.8)	[-0.100 - 0.050]	0.517	-2.5	(3.8)	[-0.100 - 0.050]	0.517					-2.5	(3.8)	[-0.099 - 0.050]	0.515	-2.5	(3.8)	[-0.099 - 0.050]	0.515					-2.7	(4.6)	[-0.118 - 0.063]	0.557	-2.7	(4.6)	[-0.118 - 0.063]	0.557					-3.2	(4.6)	[-0.122 - 0.058]	0.485	-3.2	(4.6)	[-0.122 - 0.058]	0.485					-3.3	(4.6)	[-0.123 - 0.056]	0.465	-3.3	(4.6)	[-0.123 - 0.056]	0.465				
4.marital	23.2	(9.3)	[0.049 - 0.415]	0.013	23.2	(9.3)	[0.049 - 0.415]	0.013					26.5	(8.7)	[0.095 - 0.435]	0.002	26.5	(8.7)	[0.095 - 0.435]	0.002					26.8	(8.5)	[0.101 - 0.435]	0.002	26.8	(8.5)	[0.101 - 0.435]	0.002					22.9	(13.1)	[-0.027 - 0.485]	0.079	22.9	(13.1)	[-0.027 - 0.485]	0.079					26.0	(12.0)	[0.025 - 0.494]	0.030	26.0	(12.0)	[0.025 - 0.494]	0.030					25.6	(12.2)	[0.017 - 0.494]	0.036	25.6	(12.2)	[0.017 - 0.494]	0.036					-8.4	(12.3)	[-0.325 - 0.158]	0.497	-8.4	(12.3)	[-0.325 - 0.158]	0.497					-8.1	(12.6)	[-0.329 - 0.166]	0.520	-8.1	(12.6)	[-0.329 - 0.166]	0.520					-7.9	(12.7)	[-0.328 - 0.170]	0.534	-7.9	(12.7)	[-0.328 - 0.170]	0.534				
5.marital	1.9	(4.8)	[-0.075 - 0.113]	0.696	1.9	(4.8)	[-0.075 - 0.113]	0.696					0.9	(4.8)	[-0.085 - 0.102]	0.857	0.9	(4.8)	[-0.085 - 0.102]	0.857					1.0	(4.8)	[-0.084 - 0.103]	0.837	1.0	(4.8)	[-0.084 - 0.103]	0.837					3.8	(4.3)	[-0.047 - 0.122]	0.386	3.8	(4.3)	[-0.047 - 0.122]	0.386					1.2	(4.3)	[-0.072 - 0.097]	0.775	1.2	(4.3)	[-0.072 - 0.097]	0.775					1.2	(4.3)	[-0.072 - 0.096]	0.773	1.2	(4.3)	[-0.072 - 0.096]	0.773					-2.6	(4.7)	[-0.118 - 0.067]	0.587	-2.6	(4.7)	[-0.118 - 0.067]	0.587					-4.3	(4.7)	[-0.134 - 0.049]	0.363	-4.3	(4.7)	[-0.134 - 0.049]	0.363					-4.2	(4.6)	[-0.133 - 0.049]	0.369	-4.2	(4.6)	[-0.133 - 0.049]	0.369				
6.marital	8.1	(5.4)	[-0.026 - 0.188]	0.138	8.1	(5.4)	[-0.026 - 0.188]	0.138					7.8	(5.4)	[-0.028 - 0.185]	0.148	7.8	(5.4)	[-0.028 - 0.185]	0.148					8.0	(5.4)	[-0.026 - 0.186]	0.140	8.0	(5.4)	[-0.026 - 0.186]	0.140					9.3	(5.1)	[-0.007 - 0.192]	0.068	9.3	(5.1)	[-0.007 - 0.192]	0.068					8.7	(5.0)	[-0.012 - 0.186]	0.085	8.7	(5.0)	[-0.012 - 0.186]	0.085					8.5	(5.1)	[-0.014 - 0.185]	0.092	8.5	(5.1)	[-0.014 - 0.185]	0.092					-1.3	(5.4)	[-0.119 - 0.094]	0.815	-1.3	(5.4)	[-0.119 - 0.094]	0.815					-2.1	(5.4)	[-0.126 - 0.085]	0.703	-2.1	(5.4)	[-0.126 - 0.085]	0.703					-2.0	(5.3)	[-0.124 - 0.085]	0.714	-2.0	(5.3)	[-0.124 - 0.085]	0.714				
2.relig	-7.5	(4.3)	[-0.159 - 0.009]	0.079	-7.5	(4.3)	[-0.159 - 0.009]	0.079					-7.6	(4.3)	[-0.161 - 0.008]	0.075	-7.6	(4.3)	[-0.161 - 0.008]	0.075					-7.9	(4.3)	[-0.163 - 0.004]	0.063	-7.9	(4.3)	[-0.163 - 0.004]	0.063					-2.6	(3.8)	[-0.100 - 0.049]	0.496	-2.6	(3.8)	[-0.100 - 0.049]	0.496					-3.2	(3.9)	[-0.108 - 0.045]	0.417	-3.2	(3.9)	[-0.108 - 0.045]	0.417					-3.1	(3.9)	[-0.107 - 0.046]	0.432	-3.1	(3.9)	[-0.107 - 0.046]	0.432					4.4	(4.3)	[-0.041 - 0.128]	0.313	4.4	(4.3)	[-0.041 - 0.128]	0.313					3.2	(4.3)	[-0.053 - 0.116]	0.464	3.2	(4.3)	[-0.053 - 0.116]	0.464					3.2	(4.3)	[-0.052 - 0.116]	0.460	3.2	(4.3)	[-0.052 - 0.116]	0.460				
3.relig	-15.7	(13.4)	[-0.419 - 0.106]	0.242	-15.7	(13.4)	[-0.419 - 0.106]	0.242					-16.5	(13.6)	[-0.432 - 0.101]	0.224	-16.5	(13.6)	[-0.432 - 0.101]	0.224					-16.2	(13.8)	[-0.432 - 0.108]	0.240	-16.2	(13.8)	[-0.432 - 0.108]	0.240					-10.5	(7.6)	[-0.253 - 0.043]	0.165	-10.5	(7.6)	[-0.253 - 0.043]	0.165					-11.8	(7.7)	[-0.270 - 0.033]	0.127	-11.8	(7.7)	[-0.270 - 0.033]	0.127					-12.1	(7.5)	[-0.267 - 0.026]	0.106	-12.1	(7.5)	[-0.267 - 0.026]	0.106					-7.0	(13.6)	[-0.337 - 0.196]	0.605	-7.0	(13.6)	[-0.337 - 0.196]	0.605					-8.7	(12.9)	[-0.339 - 0.166]	0.502	-8.7	(12.9)	[-0.339 - 0.166]	0.502					-8.4	(12.6)	[-0.332 - 0.164]	0.508	-8.4	(12.6)	[-0.332 - 0.164]	0.508				
4.relig	44.6	(10.3)	[0.244 - 0.647]	0.000	44.6	(10.3)	[0.244 - 0.647]	0.000					43.3	(11.0)	[0.217 - 0.650]	0.000	43.3	(11.0)	[0.217 - 0.650]	0.000					42.9	(11.4)	[0.206 - 0.653]	0.000	42.9	(11.4)	[0.206 - 0.653]	0.000					44.2	(17.3)	[0.102 - 0.781]	0.011	44.2	(17.3)	[0.102 - 0.781]	0.011					40.6	(18.2)	[0.049 - 0.762]	0.026	40.6	(18.2)	[0.049 - 0.762]	0.026					39.2	(18.9)	[0.022 - 0.762]	0.038	39.2	(18.9)	[0.022 - 0.762]	0.038					13.7	(14.7)	[-0.152 - 0.426]	0.351	13.7	(14.7)	[-0.152 - 0.426]	0.351					12.6	(13.4)	[-0.137 - 0.389]	0.348	12.6	(13.4)	[-0.137 - 0.389]	0.348					14.9	(13.1)	[-0.108 - 0.406]	0.256	14.9	(13.1)	[-0.108 - 0.406]	0.256				
5.relig	11.2	(10.1)	[-0.087 - 0.311]	0.269	11.2	(10.1)	[-0.087 - 0.311]	0.269					10.2	(10.0)	[-0.095 - 0.299]	0.308	10.2	(10.0)	[-0.095 - 0.299]	0.308					9.6	(10.0)	[-0.100 - 0.293]	0.337	9.6	(10.0)	[-0.100 - 0.293]	0.337					7.3	(9.9)	[-0.120 - 0.266]	0.461	7.3	(9.9)	[-0.120 - 0.266]	0.461					5.4	(9.6)	[-0.133 - 0.242]	0.570	5.4	(9.6)	[-0.133 - 0.242]	0.570					5.3	(9.4)	[-0.130 - 0.237]	0.571	5.3	(9.4)	[-0.130 - 0.237]	0.571					9.7	(10.1)	[-0.101 - 0.295]	0.338	9.7	(10.1)	[-0.101 - 0.295]	0.338					7.8	(10.0)	[-0.119 - 0.275]	0.439	7.8	(10.0)	[-0.119 - 0.275]	0.439					8.4	(10.0)	[-0.112 - 0.280]	0.402	8.4	(10.0)	[-0.112 - 0.280]	0.402				
6.relig	-15.6	(15.4)	[-0.457 - 0.146]	0.312	-15.6	(15.4)	[-0.457 - 0.146]	0.312					-16.6	(15.3)	[-0.467 - 0.134]	0.278	-16.6	(15.3)	[-0.467 - 0.134]	0.278					-15.9	(15.4)	[-0.461 - 0.144]	0.303	-15.9	(15.4)	[-0.461 - 0.144]	0.303					-2.2	(15.3)	[-0.322 - 0.278]	0.887	-2.2	(15.3)	[-0.322 - 0.278]	0.887					-3.3	(15.5)	[-0.337 - 0.270]	0.829	-3.3	(15.5)	[-0.337 - 0.270]	0.829					-3.6	(15.2)	[-0.334 - 0.262]	0.813	-3.6	(15.2)	[-0.334 - 0.262]	0.813					4.7	(18.5)	[-0.315 - 0.409]	0.799	4.7	(18.5)	[-0.315 - 0.409]	0.799					1.9	(18.4)	[-0.341 - 0.379]	0.916	1.9	(18.4)	[-0.341 - 0.379]	0.916					1.7	(18.8)	[-0.352 - 0.385]	0.929	1.7	(18.8)	[-0.352 - 0.385]	0.929				
7.relig	14.5	(11.9)	[-0.089 - 0.379]	0.225	14.5	(11.9)	[-0.089 - 0.379]	0.225					13.3	(12.0)	[-0.102 - 0.367]	0.268	13.3	(12.0)	[-0.102 - 0.367]	0.268					11.6	(12.0)	[-0.119 - 0.350]	0.333	11.6	(12.0)	[-0.119 - 0.350]	0.333					-2.3	(10.5)	[-0.230 - 0.183]	0.825	-2.3	(10.5)	[-0.230 - 0.183]	0.825					-3.1	(10.0)	[-0.226 - 0.164]	0.757	-3.1	(10.0)	[-0.226 - 0.164]	0.757					-3.0	(9.9)	[-0.225 - 0.164]	0.759	-3.0	(9.9)	[-0.225 - 0.164]	0.759					-14.7	(11.5)	[-0.373 - 0.079]	0.203	-14.7	(11.5)	[-0.373 - 0.079]	0.203					-16.9	(10.8)	[-0.381 - 0.044]	0.119	-16.9	(10.8)	[-0.381 - 0.044]	0.119					-15.8	(11.2)	[-0.378 - 0.061]	0.157	-15.8	(11.2)	[-0.378 - 0.061]	0.157				
8.relig	-29.9	(10.2)	[-0.499 - -0.100]	0.003	-29.9	(10.2)	[-0.499 - -0.100]	0.003					-30.7	(9.9)	[-0.502 - -0.112]	0.002	-30.7	(9.9)	[-0.502 - -0.112]	0.002					-30.7	(10.1)	[-0.504 - -0.109]	0.002	-30.7	(10.1)	[-0.504 - -0.109]	0.002					-19.0	(4.5)	[-0.279 - -0.102]	0.000	-19.0	(4.5)	[-0.279 - -0.102]	0.000					-19.7	(4.7)	[-0.289 - -0.105]	0.000	-19.7	(4.7)	[-0.289 - -0.105]	0.000					-19.8	(4.6)	[-0.289 - -0.107]	0.000	-19.8	(4.6)	[-0.289 - -0.107]	0.000					-17.2	(14.8)	[-0.463 - 0.118]	0.245	-17.2	(14.8)	[-0.463 - 0.118]	0.245					-20.4	(14.4)	[-0.487 - 0.079]	0.158	-20.4	(14.4)	[-0.487 - 0.079]	0.158					-20.2	(14.3)	[-0.482 - 0.079]	0.159	-20.2	(14.3)	[-0.482 - 0.079]	0.159				
9.relig	19.2	(7.5)	[0.044 - 0.339]	0.011	19.2	(7.5)	[0.044 - 0.339]	0.011					16.6	(7.9)	[0.011 - 0.320]	0.035	16.6	(7.9)	[0.011 - 0.320]	0.035					16.4	(8.0)	[0.008 - 0.321]	0.039	16.4	(8.0)	[0.008 - 0.321]	0.039					9.2	(5.9)	[-0.023 - 0.207]	0.115	9.2	(5.9)	[-0.023 - 0.207]	0.115					4.9	(5.6)	[-0.061 - 0.159]	0.385	4.9	(5.6)	[-0.061 - 0.159]	0.385					5.1	(5.7)	[-0.060 - 0.163]	0.366	5.1	(5.7)	[-0.060 - 0.163]	0.366					27.3	(6.9)	[0.137 - 0.408]	0.000	27.3	(6.9)	[0.137 - 0.408]	0.000					22.7	(7.5)	[0.080 - 0.373]	0.002	22.7	(7.5)	[0.080 - 0.373]	0.002					22.2	(7.4)	[0.077 - 0.368]	0.003	22.2	(7.4)	[0.077 - 0.368]	0.003				
10.relig	7.2	(7.2)	[-0.070 - 0.214]	0.321	7.2	(7.2)	[-0.070 - 0.214]	0.321					5.5	(7.4)	[-0.091 - 0.200]	0.462	5.5	(7.4)	[-0.091 - 0.200]	0.462					5.0	(7.5)	[-0.096 - 0.197]	0.499	5.0	(7.5)	[-0.096 - 0.197]	0.499					2.9	(5.9)	[-0.087 - 0.145]	0.623	2.9	(5.9)	[-0.087 - 0.145]	0.623					0.5	(5.7)	[-0.108 - 0.117]	0.935	0.5	(5.7)	[-0.108 - 0.117]	0.935					0.6	(5.8)	[-0.107 - 0.118]	0.923	0.6	(5.8)	[-0.107 - 0.118]	0.923					14.4	(7.6)	[-0.005 - 0.293]	0.057	14.4	(7.6)	[-0.005 - 0.293]	0.057					10.8	(7.8)	[-0.044 - 0.260]	0.164	10.8	(7.8)	[-0.044 - 0.260]	0.164					10.8	(7.7)	[-0.044 - 0.260]	0.162	10.8	(7.7)	[-0.044 - 0.260]	0.162				
11.relig	9.5	(4.8)	[0.002 - 0.189]	0.046	9.5	(4.8)	[0.002 - 0.189]	0.046					8.5	(4.9)	[-0.010 - 0.181]	0.081	8.5	(4.9)	[-0.010 - 0.181]	0.081					8.6	(4.9)	[-0.010 - 0.182]	0.079	8.6	(4.9)	[-0.010 - 0.182]	0.079					9.7	(4.4)	[0.010 - 0.184]	0.029	9.7	(4.4)	[0.010 - 0.184]	0.029					7.8	(4.4)	[-0.009 - 0.164]	0.077	7.8	(4.4)	[-0.009 - 0.164]	0.077					7.9	(4.4)	[-0.007 - 0.166]	0.073	7.9	(4.4)	[-0.007 - 0.166]	0.073					19.9	(4.8)	[0.105 - 0.292]	0.000	19.9	(4.8)	[0.105 - 0.292]	0.000					17.4	(4.9)	[0.079 - 0.269]	0.000	17.4	(4.9)	[0.079 - 0.269]	0.000					17.3	(4.9)	[0.077 - 0.268]	0.000	17.3	(4.9)	[0.077 - 0.268]	0.000				
12.relig	-3.8	(4.0)	[-0.117 - 0.041]	0.348	-3.8	(4.0)	[-0.117 - 0.041]	0.348					-3.7	(4.0)	[-0.117 - 0.042]	0.355	-3.7	(4.0)	[-0.117 - 0.042]	0.355					-3.8	(4.0)	[-0.116 - 0.041]	0.344	-3.8	(4.0)	[-0.116 - 0.041]	0.344					1.1	(3.7)	[-0.061 - 0.083]	0.769	1.1	(3.7)	[-0.061 - 0.083]	0.769					1.1	(3.7)	[-0.062 - 0.085]	0.764	1.1	(3.7)	[-0.062 - 0.085]	0.764					1.0	(3.7)	[-0.063 - 0.084]	0.784	1.0	(3.7)	[-0.063 - 0.084]	0.784					-1.8	(4.0)	[-0.097 - 0.061]	0.652	-1.8	(4.0)	[-0.097 - 0.061]	0.652					-2.2	(4.0)	[-0.100 - 0.056]	0.584	-2.2	(4.0)	[-0.100 - 0.056]	0.584					-2.0	(4.0)	[-0.097 - 0.058]	0.620	-2.0	(4.0)	[-0.097 - 0.058]	0.620				
13.relig	11.8	(10.7)	[-0.092 - 0.328]	0.271	11.8	(10.7)	[-0.092 - 0.328]	0.271					9.9	(10.7)	[-0.111 - 0.309]	0.355	9.9	(10.7)	[-0.111 - 0.309]	0.355					9.5	(10.8)	[-0.116 - 0.307]	0.377	9.5	(10.8)	[-0.116 - 0.307]	0.377					19.2	(10.6)	[-0.015 - 0.398]	0.069	19.2	(10.6)	[-0.015 - 0.398]	0.069					14.5	(10.7)	[-0.064 - 0.354]	0.174	14.5	(10.7)	[-0.064 - 0.354]	0.174					14.1	(10.7)	[-0.069 - 0.350]	0.189	14.1	(10.7)	[-0.069 - 0.350]	0.189					8.5	(12.7)	[-0.163 - 0.334]	0.501	8.5	(12.7)	[-0.163 - 0.334]	0.501					3.8	(12.5)	[-0.206 - 0.283]	0.759	3.8	(12.5)	[-0.206 - 0.283]	0.759					4.6	(12.6)	[-0.200 - 0.292]	0.717	4.6	(12.6)	[-0.200 - 0.292]	0.717				
14.relig	9.6	(11.0)	[-0.119 - 0.311]	0.380	9.6	(11.0)	[-0.119 - 0.311]	0.380					8.1	(10.9)	[-0.133 - 0.295]	0.458	8.1	(10.9)	[-0.133 - 0.295]	0.458					8.2	(11.0)	[-0.134 - 0.298]	0.456	8.2	(11.0)	[-0.134 - 0.298]	0.456					10.1	(8.5)	[-0.067 - 0.268]	0.239	10.1	(8.5)	[-0.067 - 0.268]	0.239					7.9	(8.2)	[-0.082 - 0.241]	0.337	7.9	(8.2)	[-0.082 - 0.241]	0.337					7.7	(8.2)	[-0.083 - 0.238]	0.345	7.7	(8.2)	[-0.083 - 0.238]	0.345					8.6	(10.0)	[-0.110 - 0.282]	0.392	8.6	(10.0)	[-0.110 - 0.282]	0.392					5.6	(10.1)	[-0.141 - 0.253]	0.577	5.6	(10.1)	[-0.141 - 0.253]	0.577					5.6	(10.0)	[-0.140 - 0.252]	0.576	5.6	(10.0)	[-0.140 - 0.252]	0.576				
15.relig	7.7	(13.6)	[-0.189 - 0.343]	0.570	7.7	(13.6)	[-0.189 - 0.343]	0.570					8.7	(14.3)	[-0.193 - 0.366]	0.543	8.7	(14.3)	[-0.193 - 0.366]	0.543					9.2	(14.4)	[-0.190 - 0.374]	0.520	9.2	(14.4)	[-0.190 - 0.374]	0.520					27.3	(13.9)	[0.000 - 0.546]	0.050	27.3	(13.9)	[0.000 - 0.546]	0.050					22.3	(14.1)	[-0.053 - 0.500]	0.114	22.3	(14.1)	[-0.053 - 0.500]	0.114					22.5	(14.3)	[-0.054 - 0.505]	0.114	22.5	(14.3)	[-0.054 - 0.505]	0.114					-15.6	(10.6)	[-0.363 - 0.051]	0.139	-15.6	(10.6)	[-0.363 - 0.051]	0.139					-12.0	(13.8)	[-0.391 - 0.151]	0.385	-12.0	(13.8)	[-0.391 - 0.151]	0.385					-12.9	(14.0)	[-0.403 - 0.145]	0.358	-12.9	(14.0)	[-0.403 - 0.145]	0.358				
2.educ4	7.7	(6.4)	[-0.048 - 0.203]	0.228	7.7	(6.4)	[-0.048 - 0.203]	0.228					8.1	(6.5)	[-0.046 - 0.207]	0.213	8.1	(6.5)	[-0.046 - 0.207]	0.213					8.3	(6.4)	[-0.043 - 0.209]	0.195	8.3	(6.4)	[-0.043 - 0.209]	0.195					-6.2	(5.9)	[-0.178 - 0.054]	0.296	-6.2	(5.9)	[-0.178 - 0.054]	0.296					-5.2	(5.7)	[-0.164 - 0.059]	0.359	-5.2	(5.7)	[-0.164 - 0.059]	0.359					-5.4	(5.7)	[-0.167 - 0.058]	0.342	-5.4	(5.7)	[-0.167 - 0.058]	0.342					-6.1	(6.2)	[-0.182 - 0.060]	0.321	-6.1	(6.2)	[-0.182 - 0.060]	0.321					-5.1	(6.0)	[-0.169 - 0.068]	0.402	-5.1	(6.0)	[-0.169 - 0.068]	0.402					-5.1	(6.0)	[-0.169 - 0.067]	0.400	-5.1	(6.0)	[-0.169 - 0.067]	0.400				
3.educ4	18.3	(6.2)	[0.062 - 0.305]	0.003	18.3	(6.2)	[0.062 - 0.305]	0.003					19.0	(6.2)	[0.067 - 0.312]	0.002	19.0	(6.2)	[0.067 - 0.312]	0.002					19.3	(6.2)	[0.072 - 0.315]	0.002	19.3	(6.2)	[0.072 - 0.315]	0.002					-1.7	(5.8)	[-0.131 - 0.097]	0.769	-1.7	(5.8)	[-0.131 - 0.097]	0.769					-1.2	(5.6)	[-0.121 - 0.097]	0.827	-1.2	(5.6)	[-0.121 - 0.097]	0.827					-1.7	(5.6)	[-0.127 - 0.093]	0.760	-1.7	(5.6)	[-0.127 - 0.093]	0.760					5.1	(5.9)	[-0.065 - 0.167]	0.388	5.1	(5.9)	[-0.065 - 0.167]	0.388					5.5	(5.8)	[-0.058 - 0.168]	0.341	5.5	(5.8)	[-0.058 - 0.168]	0.341					5.6	(5.8)	[-0.057 - 0.169]	0.328	5.6	(5.8)	[-0.057 - 0.169]	0.328				
4.educ4	26.2	(6.5)	[0.134 - 0.390]	0.000	26.2	(6.5)	[0.134 - 0.390]	0.000					26.2	(6.6)	[0.133 - 0.392]	0.000	26.2	(6.6)	[0.133 - 0.392]	0.000					26.6	(6.6)	[0.137 - 0.394]	0.000	26.6	(6.6)	[0.137 - 0.394]	0.000					11.7	(6.3)	[-0.006 - 0.240]	0.061	11.7	(6.3)	[-0.006 - 0.240]	0.061					11.9	(6.1)	[0.001 - 0.238]	0.049	11.9	(6.1)	[0.001 - 0.238]	0.049					11.4	(6.1)	[-0.005 - 0.233]	0.061	11.4	(6.1)	[-0.005 - 0.233]	0.061					19.8	(6.2)	[0.075 - 0.320]	0.002	19.8	(6.2)	[0.075 - 0.320]	0.002					19.4	(6.1)	[0.074 - 0.315]	0.002	19.4	(6.1)	[0.074 - 0.315]	0.002					19.8	(6.1)	[0.078 - 0.317]	0.001	19.8	(6.1)	[0.078 - 0.317]	0.001				
2.income	9.0	(14.3)	[-0.191 - 0.371]	0.530	9.0	(14.3)	[-0.191 - 0.371]	0.530					9.5	(14.3)	[-0.185 - 0.375]	0.505	9.5	(14.3)	[-0.185 - 0.375]	0.505					9.6	(14.3)	[-0.184 - 0.377]	0.500	9.6	(14.3)	[-0.184 - 0.377]	0.500					1.8	(13.2)	[-0.242 - 0.277]	0.895	1.8	(13.2)	[-0.242 - 0.277]	0.895					2.6	(13.1)	[-0.230 - 0.282]	0.842	2.6	(13.1)	[-0.230 - 0.282]	0.842					2.5	(13.2)	[-0.234 - 0.284]	0.851	2.5	(13.2)	[-0.234 - 0.284]	0.851					-19.6	(12.5)	[-0.441 - 0.049]	0.118	-19.6	(12.5)	[-0.441 - 0.049]	0.118					-18.3	(12.7)	[-0.432 - 0.067]	0.152	-18.3	(12.7)	[-0.432 - 0.067]	0.152					-18.0	(12.5)	[-0.425 - 0.065]	0.149	-18.0	(12.5)	[-0.425 - 0.065]	0.149				
3.income	-2.7	(14.2)	[-0.306 - 0.252]	0.847	-2.7	(14.2)	[-0.306 - 0.252]	0.847					-2.0	(14.3)	[-0.300 - 0.261]	0.891	-2.0	(14.3)	[-0.300 - 0.261]	0.891					-1.8	(14.3)	[-0.298 - 0.263]	0.903	-1.8	(14.3)	[-0.298 - 0.263]	0.903					-2.2	(12.2)	[-0.262 - 0.217]	0.855	-2.2	(12.2)	[-0.262 - 0.217]	0.855					-1.3	(12.5)	[-0.259 - 0.232]	0.915	-1.3	(12.5)	[-0.259 - 0.232]	0.915					-1.7	(12.6)	[-0.263 - 0.229]	0.890	-1.7	(12.6)	[-0.263 - 0.229]	0.890					-19.3	(12.2)	[-0.433 - 0.047]	0.115	-19.3	(12.2)	[-0.433 - 0.047]	0.115					-18.4	(12.4)	[-0.426 - 0.059]	0.138	-18.4	(12.4)	[-0.426 - 0.059]	0.138					-17.8	(12.0)	[-0.414 - 0.058]	0.138	-17.8	(12.0)	[-0.414 - 0.058]	0.138				
4.income	-8.9	(12.6)	[-0.336 - 0.157]	0.476	-8.9	(12.6)	[-0.336 - 0.157]	0.476					-8.6	(12.7)	[-0.335 - 0.162]	0.495	-8.6	(12.7)	[-0.335 - 0.162]	0.495					-8.6	(12.6)	[-0.332 - 0.161]	0.497	-8.6	(12.6)	[-0.332 - 0.161]	0.497					-11.7	(10.0)	[-0.313 - 0.080]	0.245	-11.7	(10.0)	[-0.313 - 0.080]	0.245					-11.6	(10.2)	[-0.316 - 0.084]	0.257	-11.6	(10.2)	[-0.316 - 0.084]	0.257					-11.7	(10.4)	[-0.321 - 0.086]	0.259	-11.7	(10.4)	[-0.321 - 0.086]	0.259					-12.0	(11.7)	[-0.349 - 0.109]	0.305	-12.0	(11.7)	[-0.349 - 0.109]	0.305					-11.8	(11.7)	[-0.348 - 0.113]	0.317	-11.8	(11.7)	[-0.348 - 0.113]	0.317					-11.0	(11.5)	[-0.335 - 0.114]	0.336	-11.0	(11.5)	[-0.335 - 0.114]	0.336				
5.income	2.2	(12.8)	[-0.228 - 0.273]	0.861	2.2	(12.8)	[-0.228 - 0.273]	0.861					1.8	(12.9)	[-0.234 - 0.271]	0.887	1.8	(12.9)	[-0.234 - 0.271]	0.887					1.9	(12.9)	[-0.234 - 0.273]	0.881	1.9	(12.9)	[-0.234 - 0.273]	0.881					-8.1	(10.5)	[-0.287 - 0.124]	0.437	-8.1	(10.5)	[-0.287 - 0.124]	0.437					-8.6	(10.5)	[-0.292 - 0.119]	0.410	-8.6	(10.5)	[-0.292 - 0.119]	0.410					-8.4	(10.7)	[-0.294 - 0.126]	0.433	-8.4	(10.7)	[-0.294 - 0.126]	0.433					-8.9	(10.8)	[-0.301 - 0.123]	0.410	-8.9	(10.8)	[-0.301 - 0.123]	0.410					-10.0	(10.9)	[-0.314 - 0.114]	0.360	-10.0	(10.9)	[-0.314 - 0.114]	0.360					-10.1	(10.6)	[-0.309 - 0.107]	0.342	-10.1	(10.6)	[-0.309 - 0.107]	0.342				
6.income	-7.4	(12.4)	[-0.317 - 0.169]	0.549	-7.4	(12.4)	[-0.317 - 0.169]	0.549					-7.1	(12.5)	[-0.315 - 0.174]	0.570	-7.1	(12.5)	[-0.315 - 0.174]	0.570					-6.7	(12.4)	[-0.311 - 0.177]	0.589	-6.7	(12.4)	[-0.311 - 0.177]	0.589					-5.4	(10.3)	[-0.256 - 0.148]	0.599	-5.4	(10.3)	[-0.256 - 0.148]	0.599					-5.3	(10.4)	[-0.258 - 0.151]	0.609	-5.3	(10.4)	[-0.258 - 0.151]	0.609					-5.9	(10.7)	[-0.268 - 0.150]	0.579	-5.9	(10.7)	[-0.268 - 0.150]	0.579					-16.8	(11.0)	[-0.384 - 0.048]	0.127	-16.8	(11.0)	[-0.384 - 0.048]	0.127					-16.8	(11.2)	[-0.388 - 0.051]	0.133	-16.8	(11.2)	[-0.388 - 0.051]	0.133					-16.1	(10.9)	[-0.375 - 0.053]	0.140	-16.1	(10.9)	[-0.375 - 0.053]	0.140				
7.income	-5.5	(12.4)	[-0.298 - 0.189]	0.660	-5.5	(12.4)	[-0.298 - 0.189]	0.660					-5.6	(12.6)	[-0.303 - 0.190]	0.655	-5.6	(12.6)	[-0.303 - 0.190]	0.655					-5.2	(12.5)	[-0.297 - 0.194]	0.681	-5.2	(12.5)	[-0.297 - 0.194]	0.681					-2.5	(10.5)	[-0.232 - 0.181]	0.810	-2.5	(10.5)	[-0.232 - 0.181]	0.810					-3.4	(10.5)	[-0.240 - 0.171]	0.742	-3.4	(10.5)	[-0.240 - 0.171]	0.742					-3.8	(10.6)	[-0.245 - 0.170]	0.724	-3.8	(10.6)	[-0.245 - 0.170]	0.724					-7.3	(11.1)	[-0.292 - 0.145]	0.512	-7.3	(11.1)	[-0.292 - 0.145]	0.512					-8.1	(11.3)	[-0.303 - 0.141]	0.472	-8.1	(11.3)	[-0.303 - 0.141]	0.472					-7.9	(11.1)	[-0.296 - 0.139]	0.477	-7.9	(11.1)	[-0.296 - 0.139]	0.477				
8.income	-6.0	(13.0)	[-0.316 - 0.195]	0.644	-6.0	(13.0)	[-0.316 - 0.195]	0.644					-7.4	(13.0)	[-0.330 - 0.181]	0.568	-7.4	(13.0)	[-0.330 - 0.181]	0.568					-7.3	(12.9)	[-0.326 - 0.181]	0.574	-7.3	(12.9)	[-0.326 - 0.181]	0.574					-4.2	(10.3)	[-0.244 - 0.160]	0.682	-4.2	(10.3)	[-0.244 - 0.160]	0.682					-5.9	(10.4)	[-0.263 - 0.146]	0.574	-5.9	(10.4)	[-0.263 - 0.146]	0.574					-6.3	(10.7)	[-0.272 - 0.146]	0.556	-6.3	(10.7)	[-0.272 - 0.146]	0.556					-16.2	(11.7)	[-0.391 - 0.068]	0.167	-16.2	(11.7)	[-0.391 - 0.068]	0.167					-15.4	(12.0)	[-0.389 - 0.082]	0.200	-15.4	(12.0)	[-0.389 - 0.082]	0.200					-14.8	(11.7)	[-0.378 - 0.081]	0.206	-14.8	(11.7)	[-0.378 - 0.081]	0.206				
9.income	-5.9	(12.4)	[-0.303 - 0.184]	0.633	-5.9	(12.4)	[-0.303 - 0.184]	0.633					-5.7	(12.5)	[-0.303 - 0.189]	0.647	-5.7	(12.5)	[-0.303 - 0.189]	0.647					-6.0	(12.5)	[-0.304 - 0.185]	0.633	-6.0	(12.5)	[-0.304 - 0.185]	0.633					-9.6	(9.8)	[-0.287 - 0.096]	0.329	-9.6	(9.8)	[-0.287 - 0.096]	0.329					-9.6	(10.0)	[-0.292 - 0.099]	0.333	-9.6	(10.0)	[-0.292 - 0.099]	0.333					-9.9	(10.2)	[-0.298 - 0.101]	0.331	-9.9	(10.2)	[-0.298 - 0.101]	0.331					-24.0	(10.5)	[-0.447 - -0.034]	0.022	-24.0	(10.5)	[-0.447 - -0.034]	0.022					-24.4	(10.7)	[-0.454 - -0.033]	0.023	-24.4	(10.7)	[-0.454 - -0.033]	0.023					-23.6	(10.5)	[-0.441 - -0.031]	0.024	-23.6	(10.5)	[-0.441 - -0.031]	0.024				
10.income	-0.4	(12.5)	[-0.249 - 0.241]	0.977	-0.4	(12.5)	[-0.249 - 0.241]	0.977					0.6	(12.6)	[-0.241 - 0.253]	0.962	0.6	(12.6)	[-0.241 - 0.253]	0.962					0.7	(12.6)	[-0.240 - 0.253]	0.959	0.7	(12.6)	[-0.240 - 0.253]	0.959					2.3	(10.1)	[-0.175 - 0.221]	0.822	2.3	(10.1)	[-0.175 - 0.221]	0.822					3.1	(10.2)	[-0.168 - 0.231]	0.757	3.1	(10.2)	[-0.168 - 0.231]	0.757					2.9	(10.4)	[-0.175 - 0.233]	0.778	2.9	(10.4)	[-0.175 - 0.233]	0.778					-11.7	(10.5)	[-0.322 - 0.088]	0.264	-11.7	(10.5)	[-0.322 - 0.088]	0.264					-11.5	(10.7)	[-0.325 - 0.095]	0.284	-11.5	(10.7)	[-0.325 - 0.095]	0.284					-10.9	(10.4)	[-0.314 - 0.095]	0.296	-10.9	(10.4)	[-0.314 - 0.095]	0.296				
11.income	-6.1	(12.2)	[-0.300 - 0.179]	0.621	-6.1	(12.2)	[-0.300 - 0.179]	0.621					-5.8	(12.4)	[-0.300 - 0.184]	0.639	-5.8	(12.4)	[-0.300 - 0.184]	0.639					-5.4	(12.3)	[-0.296 - 0.188]	0.662	-5.4	(12.3)	[-0.296 - 0.188]	0.662					-10.9	(9.7)	[-0.299 - 0.081]	0.260	-10.9	(9.7)	[-0.299 - 0.081]	0.260					-11.0	(9.8)	[-0.302 - 0.082]	0.263	-11.0	(9.8)	[-0.302 - 0.082]	0.263					-11.1	(10.0)	[-0.307 - 0.085]	0.269	-11.1	(10.0)	[-0.307 - 0.085]	0.269					-11.4	(10.9)	[-0.327 - 0.099]	0.295	-11.4	(10.9)	[-0.327 - 0.099]	0.295					-11.2	(11.1)	[-0.330 - 0.105]	0.310	-11.2	(11.1)	[-0.330 - 0.105]	0.310					-11.3	(10.8)	[-0.325 - 0.099]	0.296	-11.3	(10.8)	[-0.325 - 0.099]	0.296				
12.income	-4.2	(13.1)	[-0.300 - 0.215]	0.748	-4.2	(13.1)	[-0.300 - 0.215]	0.748					-3.8	(13.2)	[-0.297 - 0.221]	0.776	-3.8	(13.2)	[-0.297 - 0.221]	0.776					-3.8	(13.2)	[-0.296 - 0.221]	0.774	-3.8	(13.2)	[-0.296 - 0.221]	0.774					-2.3	(11.2)	[-0.242 - 0.196]	0.836	-2.3	(11.2)	[-0.242 - 0.196]	0.836					-2.1	(11.2)	[-0.241 - 0.200]	0.853	-2.1	(11.2)	[-0.241 - 0.200]	0.853					-2.4	(11.5)	[-0.248 - 0.201]	0.836	-2.4	(11.5)	[-0.248 - 0.201]	0.836					-14.4	(11.6)	[-0.371 - 0.083]	0.215	-14.4	(11.6)	[-0.371 - 0.083]	0.215					-14.2	(11.8)	[-0.373 - 0.089]	0.229	-14.2	(11.8)	[-0.373 - 0.089]	0.229					-13.7	(11.5)	[-0.362 - 0.089]	0.235	-13.7	(11.5)	[-0.362 - 0.089]	0.235				
13.income	5.5	(12.4)	[-0.189 - 0.298]	0.660	5.5	(12.4)	[-0.189 - 0.298]	0.660					6.2	(12.5)	[-0.182 - 0.307]	0.618	6.2	(12.5)	[-0.182 - 0.307]	0.618					6.7	(12.5)	[-0.178 - 0.311]	0.593	6.7	(12.5)	[-0.178 - 0.311]	0.593					0.5	(10.0)	[-0.191 - 0.200]	0.961	0.5	(10.0)	[-0.191 - 0.200]	0.961					1.2	(10.1)	[-0.186 - 0.210]	0.906	1.2	(10.1)	[-0.186 - 0.210]	0.906					0.8	(10.3)	[-0.193 - 0.210]	0.935	0.8	(10.3)	[-0.193 - 0.210]	0.935					-8.6	(10.7)	[-0.297 - 0.125]	0.424	-8.6	(10.7)	[-0.297 - 0.125]	0.424					-7.7	(10.9)	[-0.292 - 0.137]	0.481	-7.7	(10.9)	[-0.292 - 0.137]	0.481					-7.2	(10.7)	[-0.281 - 0.137]	0.501	-7.2	(10.7)	[-0.281 - 0.137]	0.501				
14.income	-2.2	(12.4)	[-0.264 - 0.221]	0.861	-2.2	(12.4)	[-0.264 - 0.221]	0.861					-1.2	(12.5)	[-0.257 - 0.233]	0.925	-1.2	(12.5)	[-0.257 - 0.233]	0.925					-1.5	(12.5)	[-0.259 - 0.230]	0.907	-1.5	(12.5)	[-0.259 - 0.230]	0.907					-4.6	(9.9)	[-0.240 - 0.148]	0.644	-4.6	(9.9)	[-0.240 - 0.148]	0.644					-4.4	(10.0)	[-0.241 - 0.153]	0.660	-4.4	(10.0)	[-0.241 - 0.153]	0.660					-4.4	(10.3)	[-0.246 - 0.158]	0.669	-4.4	(10.3)	[-0.246 - 0.158]	0.669					-15.1	(11.0)	[-0.367 - 0.065]	0.170	-15.1	(11.0)	[-0.367 - 0.065]	0.170					-14.2	(11.2)	[-0.361 - 0.078]	0.206	-14.2	(11.2)	[-0.361 - 0.078]	0.206					-13.7	(11.0)	[-0.352 - 0.078]	0.212	-13.7	(11.0)	[-0.352 - 0.078]	0.212				
15.income	-7.5	(12.9)	[-0.327 - 0.177]	0.561	-7.5	(12.9)	[-0.327 - 0.177]	0.561					-6.6	(13.0)	[-0.320 - 0.189]	0.614	-6.6	(13.0)	[-0.320 - 0.189]	0.614					-6.5	(13.0)	[-0.320 - 0.190]	0.616	-6.5	(13.0)	[-0.320 - 0.190]	0.616					-8.1	(10.1)	[-0.280 - 0.118]	0.424	-8.1	(10.1)	[-0.280 - 0.118]	0.424					-7.3	(10.3)	[-0.275 - 0.129]	0.477	-7.3	(10.3)	[-0.275 - 0.129]	0.477					-7.3	(10.5)	[-0.279 - 0.133]	0.490	-7.3	(10.5)	[-0.279 - 0.133]	0.490					-16.8	(11.2)	[-0.387 - 0.051]	0.133	-16.8	(11.2)	[-0.387 - 0.051]	0.133					-15.8	(11.5)	[-0.383 - 0.067]	0.168	-15.8	(11.5)	[-0.383 - 0.067]	0.168					-15.6	(11.3)	[-0.376 - 0.065]	0.166	-15.6	(11.3)	[-0.376 - 0.065]	0.166				
16.income	-4.6	(13.3)	[-0.307 - 0.215]	0.730	-4.6	(13.3)	[-0.307 - 0.215]	0.730					-3.7	(13.4)	[-0.299 - 0.226]	0.783	-3.7	(13.4)	[-0.299 - 0.226]	0.783					-3.5	(13.4)	[-0.298 - 0.227]	0.792	-3.5	(13.4)	[-0.298 - 0.227]	0.792					-7.7	(10.6)	[-0.284 - 0.131]	0.469	-7.7	(10.6)	[-0.284 - 0.131]	0.469					-7.1	(10.7)	[-0.280 - 0.138]	0.506	-7.1	(10.7)	[-0.280 - 0.138]	0.506					-7.1	(10.9)	[-0.284 - 0.143]	0.516	-7.1	(10.9)	[-0.284 - 0.143]	0.516					-14.2	(12.2)	[-0.382 - 0.098]	0.245	-14.2	(12.2)	[-0.382 - 0.098]	0.245					-12.8	(12.4)	[-0.371 - 0.114]	0.299	-12.8	(12.4)	[-0.371 - 0.114]	0.299					-12.3	(12.2)	[-0.362 - 0.116]	0.312	-12.3	(12.2)	[-0.362 - 0.116]	0.312				
17.income	19.6	(14.3)	[-0.084 - 0.476]	0.170	19.6	(14.3)	[-0.084 - 0.476]	0.170					20.1	(14.3)	[-0.079 - 0.481]	0.160	20.1	(14.3)	[-0.079 - 0.481]	0.160					20.6	(14.2)	[-0.073 - 0.485]	0.147	20.6	(14.2)	[-0.073 - 0.485]	0.147					18.0	(13.8)	[-0.091 - 0.450]	0.193	18.0	(13.8)	[-0.091 - 0.450]	0.193					18.3	(13.6)	[-0.083 - 0.449]	0.178	18.3	(13.6)	[-0.083 - 0.449]	0.178					18.4	(13.9)	[-0.088 - 0.456]	0.185	18.4	(13.9)	[-0.088 - 0.456]	0.185					-14.9	(14.1)	[-0.425 - 0.126]	0.288	-14.9	(14.1)	[-0.425 - 0.126]	0.288					-15.0	(13.9)	[-0.421 - 0.122]	0.280	-15.0	(13.9)	[-0.421 - 0.122]	0.280					-15.0	(13.6)	[-0.418 - 0.117]	0.270	-15.0	(13.6)	[-0.418 - 0.117]	0.270				
18.income	3.5	(13.4)	[-0.228 - 0.299]	0.792	3.5	(13.4)	[-0.228 - 0.299]	0.792					5.5	(13.6)	[-0.211 - 0.322]	0.684	5.5	(13.6)	[-0.211 - 0.322]	0.684					5.6	(13.5)	[-0.209 - 0.320]	0.681	5.6	(13.5)	[-0.209 - 0.320]	0.681					-3.4	(10.9)	[-0.248 - 0.180]	0.754	-3.4	(10.9)	[-0.248 - 0.180]	0.754					-3.7	(11.0)	[-0.253 - 0.179]	0.739	-3.7	(11.0)	[-0.253 - 0.179]	0.739					-4.0	(11.2)	[-0.260 - 0.180]	0.722	-4.0	(11.2)	[-0.260 - 0.180]	0.722					-0.9	(12.2)	[-0.247 - 0.230]	0.944	-0.9	(12.2)	[-0.247 - 0.230]	0.944					-0.4	(12.5)	[-0.249 - 0.242]	0.978	-0.4	(12.5)	[-0.249 - 0.242]	0.978					-0.0	(12.3)	[-0.241 - 0.241]	0.999	-0.0	(12.3)	[-0.241 - 0.241]	0.999				
2.housing	6.7	(4.1)	[-0.014 - 0.147]	0.104	6.7	(4.1)	[-0.014 - 0.147]	0.104					6.4	(4.1)	[-0.016 - 0.145]	0.118	6.4	(4.1)	[-0.016 - 0.145]	0.118					6.1	(4.1)	[-0.019 - 0.141]	0.135	6.1	(4.1)	[-0.019 - 0.141]	0.135					5.3	(3.8)	[-0.021 - 0.126]	0.161	5.3	(3.8)	[-0.021 - 0.126]	0.161					4.9	(3.7)	[-0.023 - 0.121]	0.181	4.9	(3.7)	[-0.023 - 0.121]	0.181					5.1	(3.7)	[-0.021 - 0.123]	0.164	5.1	(3.7)	[-0.021 - 0.123]	0.164					-1.2	(4.0)	[-0.091 - 0.066]	0.759	-1.2	(4.0)	[-0.091 - 0.066]	0.759					-1.7	(4.0)	[-0.096 - 0.061]	0.666	-1.7	(4.0)	[-0.096 - 0.061]	0.666					-1.8	(4.0)	[-0.096 - 0.061]	0.661	-1.8	(4.0)	[-0.096 - 0.061]	0.661				
3.housing	-1.7	(11.3)	[-0.238 - 0.205]	0.883	-1.7	(11.3)	[-0.238 - 0.205]	0.883					-1.0	(11.3)	[-0.230 - 0.211]	0.931	-1.0	(11.3)	[-0.230 - 0.211]	0.931					-1.2	(11.3)	[-0.234 - 0.211]	0.919	-1.2	(11.3)	[-0.234 - 0.211]	0.919					-2.3	(8.9)	[-0.198 - 0.152]	0.795	-2.3	(8.9)	[-0.198 - 0.152]	0.795					-0.6	(8.9)	[-0.181 - 0.169]	0.944	-0.6	(8.9)	[-0.181 - 0.169]	0.944					-0.2	(8.8)	[-0.174 - 0.171]	0.985	-0.2	(8.8)	[-0.174 - 0.171]	0.985					13.9	(8.6)	[-0.030 - 0.307]	0.107	13.9	(8.6)	[-0.030 - 0.307]	0.107					15.6	(8.4)	[-0.009 - 0.320]	0.064	15.6	(8.4)	[-0.009 - 0.320]	0.064					14.9	(8.4)	[-0.016 - 0.315]	0.077	14.9	(8.4)	[-0.016 - 0.315]	0.077				
2.home_type	-9.9	(4.6)	[-0.190 - -0.008]	0.033	-9.9	(4.6)	[-0.190 - -0.008]	0.033					-9.5	(4.7)	[-0.186 - -0.004]	0.041	-9.5	(4.7)	[-0.186 - -0.004]	0.041					-9.3	(4.6)	[-0.184 - -0.002]	0.045	-9.3	(4.6)	[-0.184 - -0.002]	0.045					-5.0	(4.1)	[-0.132 - 0.031]	0.222	-5.0	(4.1)	[-0.132 - 0.031]	0.222					-4.1	(4.2)	[-0.123 - 0.041]	0.322	-4.1	(4.2)	[-0.123 - 0.041]	0.322					-4.5	(4.2)	[-0.127 - 0.036]	0.278	-4.5	(4.2)	[-0.127 - 0.036]	0.278					-5.8	(4.8)	[-0.153 - 0.037]	0.229	-5.8	(4.8)	[-0.153 - 0.037]	0.229					-5.2	(4.8)	[-0.146 - 0.043]	0.284	-5.2	(4.8)	[-0.146 - 0.043]	0.284					-4.7	(4.8)	[-0.141 - 0.046]	0.320	-4.7	(4.8)	[-0.141 - 0.046]	0.320				
3.home_type	-9.9	(4.4)	[-0.185 - -0.012]	0.025	-9.9	(4.4)	[-0.185 - -0.012]	0.025					-9.8	(4.4)	[-0.185 - -0.012]	0.026	-9.8	(4.4)	[-0.185 - -0.012]	0.026					-9.7	(4.4)	[-0.183 - -0.011]	0.028	-9.7	(4.4)	[-0.183 - -0.011]	0.028					-8.7	(3.4)	[-0.154 - -0.019]	0.012	-8.7	(3.4)	[-0.154 - -0.019]	0.012					-8.3	(3.4)	[-0.151 - -0.016]	0.015	-8.3	(3.4)	[-0.151 - -0.016]	0.015					-8.4	(3.4)	[-0.151 - -0.018]	0.013	-8.4	(3.4)	[-0.151 - -0.018]	0.013					1.4	(4.4)	[-0.072 - 0.100]	0.750	1.4	(4.4)	[-0.072 - 0.100]	0.750					1.3	(4.4)	[-0.073 - 0.099]	0.767	1.3	(4.4)	[-0.073 - 0.099]	0.767					1.5	(4.4)	[-0.071 - 0.101]	0.734	1.5	(4.4)	[-0.071 - 0.101]	0.734				
4.home_type	16.8	(7.0)	[0.030 - 0.306]	0.017	16.8	(7.0)	[0.030 - 0.306]	0.017					17.1	(6.9)	[0.035 - 0.307]	0.014	17.1	(6.9)	[0.035 - 0.307]	0.014					17.5	(6.9)	[0.040 - 0.309]	0.011	17.5	(6.9)	[0.040 - 0.309]	0.011					7.7	(7.2)	[-0.065 - 0.218]	0.288	7.7	(7.2)	[-0.065 - 0.218]	0.288					8.3	(7.0)	[-0.054 - 0.220]	0.235	8.3	(7.0)	[-0.054 - 0.220]	0.235					7.7	(7.0)	[-0.059 - 0.213]	0.269	7.7	(7.0)	[-0.059 - 0.213]	0.269					3.4	(6.9)	[-0.102 - 0.170]	0.625	3.4	(6.9)	[-0.102 - 0.170]	0.625					3.6	(6.9)	[-0.099 - 0.170]	0.600	3.6	(6.9)	[-0.099 - 0.170]	0.600					3.8	(6.9)	[-0.097 - 0.173]	0.584	3.8	(6.9)	[-0.097 - 0.173]	0.584				
5.home_type	-23.0	(16.8)	[-0.559 - 0.099]	0.170	-23.0	(16.8)	[-0.559 - 0.099]	0.170					-23.6	(16.1)	[-0.552 - 0.079]	0.142	-23.6	(16.1)	[-0.552 - 0.079]	0.142					-23.0	(16.4)	[-0.550 - 0.091]	0.161	-23.0	(16.4)	[-0.550 - 0.091]	0.161					-17.5	(7.7)	[-0.326 - -0.024]	0.024	-17.5	(7.7)	[-0.326 - -0.024]	0.024					-16.8	(8.2)	[-0.329 - -0.008]	0.040	-16.8	(8.2)	[-0.329 - -0.008]	0.040					-16.3	(8.6)	[-0.332 - 0.006]	0.059	-16.3	(8.6)	[-0.332 - 0.006]	0.059					14.3	(21.8)	[-0.285 - 0.570]	0.514	14.3	(21.8)	[-0.285 - 0.570]	0.514					12.7	(21.5)	[-0.294 - 0.548]	0.555	12.7	(21.5)	[-0.294 - 0.548]	0.555					10.4	(22.5)	[-0.337 - 0.545]	0.645	10.4	(22.5)	[-0.337 - 0.545]	0.645				
1.internet	1.4	(4.9)	[-0.083 - 0.111]	0.773	1.4	(4.9)	[-0.083 - 0.111]	0.773					0.9	(4.9)	[-0.087 - 0.106]	0.849	0.9	(4.9)	[-0.087 - 0.106]	0.849					1.1	(4.9)	[-0.085 - 0.107]	0.823	1.1	(4.9)	[-0.085 - 0.107]	0.823					-1.9	(4.6)	[-0.109 - 0.072]	0.684	-1.9	(4.6)	[-0.109 - 0.072]	0.684					-2.7	(4.7)	[-0.118 - 0.065]	0.568	-2.7	(4.7)	[-0.118 - 0.065]	0.568					-2.7	(4.6)	[-0.118 - 0.064]	0.563	-2.7	(4.6)	[-0.118 - 0.064]	0.563					3.0	(4.9)	[-0.066 - 0.125]	0.544	3.0	(4.9)	[-0.066 - 0.125]	0.544					2.6	(4.8)	[-0.069 - 0.121]	0.587	2.6	(4.8)	[-0.069 - 0.121]	0.587					2.5	(4.8)	[-0.069 - 0.119]	0.599	2.5	(4.8)	[-0.069 - 0.119]	0.599				
2.phoneservice	-5.5	(7.4)	[-0.199 - 0.090]	0.458	-5.5	(7.4)	[-0.199 - 0.090]	0.458					-5.8	(7.5)	[-0.204 - 0.089]	0.441	-5.8	(7.5)	[-0.204 - 0.089]	0.441					-6.1	(7.4)	[-0.206 - 0.084]	0.411	-6.1	(7.4)	[-0.206 - 0.084]	0.411					-11.3	(6.9)	[-0.248 - 0.023]	0.103	-11.3	(6.9)	[-0.248 - 0.023]	0.103					-11.3	(6.9)	[-0.247 - 0.021]	0.100	-11.3	(6.9)	[-0.247 - 0.021]	0.100					-11.2	(6.8)	[-0.246 - 0.021]	0.100	-11.2	(6.8)	[-0.246 - 0.021]	0.100					7.7	(6.7)	[-0.053 - 0.208]	0.247	7.7	(6.7)	[-0.053 - 0.208]	0.247					7.8	(6.9)	[-0.057 - 0.214]	0.255	7.8	(6.9)	[-0.057 - 0.214]	0.255					8.0	(6.8)	[-0.053 - 0.212]	0.240	8.0	(6.8)	[-0.053 - 0.212]	0.240				
3.phoneservice	-1.1	(7.7)	[-0.163 - 0.141]	0.886	-1.1	(7.7)	[-0.163 - 0.141]	0.886					-1.4	(7.8)	[-0.168 - 0.139]	0.856	-1.4	(7.8)	[-0.168 - 0.139]	0.856					-1.9	(7.8)	[-0.171 - 0.133]	0.808	-1.9	(7.8)	[-0.171 - 0.133]	0.808					-8.3	(7.4)	[-0.227 - 0.062]	0.261	-8.3	(7.4)	[-0.227 - 0.062]	0.261					-8.2	(7.3)	[-0.226 - 0.061]	0.259	-8.2	(7.3)	[-0.226 - 0.061]	0.259					-8.3	(7.3)	[-0.225 - 0.060]	0.254	-8.3	(7.3)	[-0.225 - 0.060]	0.254					3.9	(7.1)	[-0.101 - 0.178]	0.586	3.9	(7.1)	[-0.101 - 0.178]	0.586					3.5	(7.3)	[-0.109 - 0.179]	0.631	3.5	(7.3)	[-0.109 - 0.179]	0.631					3.9	(7.2)	[-0.102 - 0.181]	0.587	3.9	(7.2)	[-0.102 - 0.181]	0.587				
4.phoneservice	-5.0	(7.3)	[-0.193 - 0.094]	0.497	-5.0	(7.3)	[-0.193 - 0.094]	0.497					-4.7	(7.4)	[-0.193 - 0.098]	0.525	-4.7	(7.4)	[-0.193 - 0.098]	0.525					-5.0	(7.4)	[-0.195 - 0.095]	0.498	-5.0	(7.4)	[-0.195 - 0.095]	0.498					-10.1	(7.0)	[-0.238 - 0.035]	0.146	-10.1	(7.0)	[-0.238 - 0.035]	0.146					-9.8	(6.9)	[-0.234 - 0.038]	0.157	-9.8	(6.9)	[-0.234 - 0.038]	0.157					-9.7	(6.9)	[-0.232 - 0.038]	0.161	-9.7	(6.9)	[-0.232 - 0.038]	0.161					10.1	(6.6)	[-0.028 - 0.229]	0.125	10.1	(6.6)	[-0.028 - 0.229]	0.125					10.2	(6.8)	[-0.031 - 0.235]	0.134	10.2	(6.8)	[-0.031 - 0.235]	0.134					10.3	(6.7)	[-0.028 - 0.234]	0.124	10.3	(6.7)	[-0.028 - 0.234]	0.124				
5.phoneservice	8.0	(17.5)	[-0.264 - 0.424]	0.650	8.0	(17.5)	[-0.264 - 0.424]	0.650					8.6	(17.6)	[-0.260 - 0.432]	0.627	8.6	(17.6)	[-0.260 - 0.432]	0.627					8.5	(16.8)	[-0.245 - 0.415]	0.614	8.5	(16.8)	[-0.245 - 0.415]	0.614					-24.2	(9.2)	[-0.423 - -0.062]	0.008	-24.2	(9.2)	[-0.423 - -0.062]	0.008					-23.2	(9.5)	[-0.418 - -0.047]	0.014	-23.2	(9.5)	[-0.418 - -0.047]	0.014					-23.5	(9.3)	[-0.417 - -0.054]	0.011	-23.5	(9.3)	[-0.417 - -0.054]	0.011					-2.3	(17.7)	[-0.370 - 0.324]	0.897	-2.3	(17.7)	[-0.370 - 0.324]	0.897					-0.8	(17.3)	[-0.348 - 0.331]	0.962	-0.8	(17.3)	[-0.348 - 0.331]	0.962					0.0	(17.8)	[-0.348 - 0.348]	1.000	0.0	(17.8)	[-0.348 - 0.348]	1.000				
52.device	-11.4	(3.2)	[-0.176 - -0.052]	0.000	-11.4	(3.2)	[-0.176 - -0.052]	0.000					-11.3	(3.2)	[-0.175 - -0.050]	0.000	-11.3	(3.2)	[-0.175 - -0.050]	0.000					-11.0	(3.2)	[-0.172 - -0.048]	0.001	-11.0	(3.2)	[-0.172 - -0.048]	0.001					-3.3	(2.7)	[-0.087 - 0.021]	0.230	-3.3	(2.7)	[-0.087 - 0.021]	0.230					-3.1	(2.8)	[-0.085 - 0.023]	0.259	-3.1	(2.8)	[-0.085 - 0.023]	0.259					-3.4	(2.7)	[-0.088 - 0.019]	0.210	-3.4	(2.7)	[-0.088 - 0.019]	0.210					-11.6	(3.1)	[-0.177 - -0.055]	0.000	-11.6	(3.1)	[-0.177 - -0.055]	0.000					-11.5	(3.1)	[-0.177 - -0.054]	0.000	-11.5	(3.1)	[-0.177 - -0.054]	0.000					-11.4	(3.1)	[-0.175 - -0.052]	0.000	-11.4	(3.1)	[-0.175 - -0.052]	0.000				
53.device	-1.9	(5.8)	[-0.133 - 0.096]	0.748	-1.9	(5.8)	[-0.133 - 0.096]	0.748					-1.8	(5.8)	[-0.133 - 0.096]	0.753	-1.8	(5.8)	[-0.133 - 0.096]	0.753					-1.7	(5.8)	[-0.131 - 0.097]	0.769	-1.7	(5.8)	[-0.131 - 0.097]	0.769					4.4	(5.4)	[-0.063 - 0.150]	0.419	4.4	(5.4)	[-0.063 - 0.150]	0.419					4.6	(5.3)	[-0.058 - 0.150]	0.388	4.6	(5.3)	[-0.058 - 0.150]	0.388					4.5	(5.3)	[-0.058 - 0.149]	0.388	4.5	(5.3)	[-0.058 - 0.149]	0.388					3.3	(5.5)	[-0.074 - 0.140]	0.548	3.3	(5.5)	[-0.074 - 0.140]	0.548					3.2	(5.5)	[-0.075 - 0.140]	0.555	3.2	(5.5)	[-0.075 - 0.140]	0.555					3.2	(5.4)	[-0.074 - 0.139]	0.550	3.2	(5.4)	[-0.074 - 0.139]	0.550				
2.durint	-26.2	(13.7)	[-0.530 - 0.005]	0.055	-26.2	(13.7)	[-0.530 - 0.005]	0.055					-28.1	(12.7)	[-0.529 - -0.033]	0.026	-28.1	(12.7)	[-0.529 - -0.033]	0.026					-26.9	(13.0)	[-0.522 - -0.015]	0.038	-26.9	(13.0)	[-0.522 - -0.015]	0.038					-25.2	(17.1)	[-0.588 - 0.084]	0.142	-25.2	(17.1)	[-0.588 - 0.084]	0.142					-29.9	(16.0)	[-0.613 - 0.015]	0.062	-29.9	(16.0)	[-0.613 - 0.015]	0.062					-30.6	(15.6)	[-0.612 - 0.000]	0.050	-30.6	(15.6)	[-0.612 - 0.000]	0.050					18.9	(12.3)	[-0.053 - 0.430]	0.126	18.9	(12.3)	[-0.053 - 0.430]	0.126					14.9	(13.2)	[-0.109 - 0.407]	0.258	14.9	(13.2)	[-0.109 - 0.407]	0.258					14.4	(12.9)	[-0.109 - 0.398]	0.265	14.4	(12.9)	[-0.109 - 0.398]	0.265				
3.durint	-28.7	(13.9)	[-0.560 - -0.015]	0.038	-28.7	(13.9)	[-0.560 - -0.015]	0.038					-30.4	(12.9)	[-0.556 - -0.051]	0.019	-30.4	(12.9)	[-0.556 - -0.051]	0.019					-29.1	(13.2)	[-0.549 - -0.033]	0.027	-29.1	(13.2)	[-0.549 - -0.033]	0.027					-23.5	(17.4)	[-0.575 - 0.105]	0.176	-23.5	(17.4)	[-0.575 - 0.105]	0.176					-28.5	(16.2)	[-0.603 - 0.033]	0.079	-28.5	(16.2)	[-0.603 - 0.033]	0.079					-29.4	(15.8)	[-0.604 - 0.016]	0.063	-29.4	(15.8)	[-0.604 - 0.016]	0.063					21.1	(12.6)	[-0.035 - 0.458]	0.093	21.1	(12.6)	[-0.035 - 0.458]	0.093					16.7	(13.4)	[-0.096 - 0.429]	0.213	16.7	(13.4)	[-0.096 - 0.429]	0.213					16.4	(13.2)	[-0.094 - 0.422]	0.212	16.4	(13.2)	[-0.094 - 0.422]	0.212				
4.durint	-25.0	(15.0)	[-0.545 - 0.045]	0.097	-25.0	(15.0)	[-0.545 - 0.045]	0.097					-27.1	(14.1)	[-0.547 - 0.006]	0.055	-27.1	(14.1)	[-0.547 - 0.006]	0.055					-24.7	(14.4)	[-0.528 - 0.035]	0.086	-24.7	(14.4)	[-0.528 - 0.035]	0.086					-31.2	(18.0)	[-0.664 - 0.041]	0.083	-31.2	(18.0)	[-0.664 - 0.041]	0.083					-36.5	(16.8)	[-0.695 - -0.036]	0.030	-36.5	(16.8)	[-0.695 - -0.036]	0.030					-37.1	(16.5)	[-0.694 - -0.048]	0.024	-37.1	(16.5)	[-0.694 - -0.048]	0.024					13.8	(13.7)	[-0.132 - 0.407]	0.316	13.8	(13.7)	[-0.132 - 0.407]	0.316					8.8	(14.5)	[-0.196 - 0.372]	0.542	8.8	(14.5)	[-0.196 - 0.372]	0.542					7.4	(14.3)	[-0.206 - 0.354]	0.604	7.4	(14.3)	[-0.206 - 0.354]	0.604				
5.durint	-32.1	(14.4)	[-0.604 - -0.038]	0.026	-32.1	(14.4)	[-0.604 - -0.038]	0.026					-33.7	(13.5)	[-0.602 - -0.072]	0.013	-33.7	(13.5)	[-0.602 - -0.072]	0.013					-32.6	(13.8)	[-0.597 - -0.056]	0.018	-32.6	(13.8)	[-0.597 - -0.056]	0.018					-34.0	(17.6)	[-0.684 - 0.005]	0.053	-34.0	(17.6)	[-0.684 - 0.005]	0.053					-39.1	(16.5)	[-0.715 - -0.067]	0.018	-39.1	(16.5)	[-0.715 - -0.067]	0.018					-39.9	(16.1)	[-0.714 - -0.084]	0.013	-39.9	(16.1)	[-0.714 - -0.084]	0.013					17.0	(13.2)	[-0.089 - 0.429]	0.199	17.0	(13.2)	[-0.089 - 0.429]	0.199					13.1	(14.0)	[-0.143 - 0.405]	0.350	13.1	(14.0)	[-0.143 - 0.405]	0.350					12.7	(13.8)	[-0.143 - 0.397]	0.357	12.7	(13.8)	[-0.143 - 0.397]	0.357				
2.treat	-8.5	(3.3)	[-0.150 - -0.020]	0.010					40.8	(2.4)	[0.361 - 0.455]	0.000	-8.0	(3.3)	[-0.146 - -0.015]	0.016					41.0	(2.4)	[0.363 - 0.456]	0.000	-7.9	(3.3)	[-0.145 - -0.014]	0.018					22.8	(2.0)	[0.189 - 0.268]	0.000	-5.5	(2.9)	[-0.112 - 0.003]	0.063					22.9	(2.0)	[0.189 - 0.268]	0.000	-4.7	(2.9)	[-0.105 - 0.010]	0.104					22.9	(2.0)	[0.190 - 0.269]	0.000	-4.7	(2.9)	[-0.104 - 0.010]	0.107					49.8	(2.3)	[0.452 - 0.543]	0.000	-3.8	(3.3)	[-0.103 - 0.027]	0.254					49.9	(2.3)	[0.454 - 0.545]	0.000	-3.6	(3.3)	[-0.101 - 0.029]	0.274					49.8	(2.3)	[0.453 - 0.544]	0.000	-3.7	(3.3)	[-0.102 - 0.028]	0.266					40.6	(2.4)	[0.360 - 0.453]	0.000
3.treat	-5.4	(3.3)	[-0.119 - 0.010]	0.100	3.1	(3.4)	[-0.036 - 0.097]	0.365	44.0	(2.4)	[0.392 - 0.487]	0.000	-4.9	(3.3)	[-0.114 - 0.017]	0.144	3.2	(3.4)	[-0.035 - 0.098]	0.355	43.9	(2.4)	[0.392 - 0.487]	0.000	-5.0	(3.3)	[-0.115 - 0.016]	0.136	3.0	(3.4)	[-0.037 - 0.096]	0.384	23.3	(2.1)	[0.192 - 0.275]	0.000	-4.9	(3.0)	[-0.108 - 0.009]	0.096	0.5	(2.9)	[-0.053 - 0.063]	0.863	23.5	(2.1)	[0.194 - 0.277]	0.000	-4.1	(3.0)	[-0.099 - 0.017]	0.167	0.7	(3.0)	[-0.052 - 0.065]	0.823	23.5	(2.1)	[0.194 - 0.277]	0.000	-4.1	(3.0)	[-0.099 - 0.017]	0.168	0.6	(3.0)	[-0.052 - 0.064]	0.830	54.3	(2.3)	[0.497 - 0.589]	0.000	0.7	(3.3)	[-0.058 - 0.073]	0.827	4.5	(3.3)	[-0.020 - 0.110]	0.173	54.6	(2.4)	[0.500 - 0.592]	0.000	1.1	(3.4)	[-0.055 - 0.076]	0.751	4.7	(3.3)	[-0.018 - 0.112]	0.158	54.7	(2.3)	[0.501 - 0.593]	0.000	1.2	(3.3)	[-0.054 - 0.077]	0.727	4.8	(3.3)	[-0.016 - 0.113]	0.142	43.7	(2.4)	[0.390 - 0.484]	0.000
1.treat					8.5	(3.3)	[0.020 - 0.150]	0.010									8.0	(3.3)	[0.015 - 0.146]	0.016									7.9	(3.3)	[0.014 - 0.145]	0.018									5.5	(2.9)	[-0.003 - 0.112]	0.063									4.7	(2.9)	[-0.010 - 0.105]	0.104									4.7	(2.9)	[-0.010 - 0.104]	0.107									3.8	(3.3)	[-0.027 - 0.103]	0.254									3.6	(3.3)	[-0.029 - 0.101]	0.274									3.7	(3.3)	[-0.028 - 0.102]	0.266				
1bn.treat									48.8	(2.3)	[0.443 - 0.533]	0.000									48.9	(2.3)	[0.444 - 0.534]	0.000									28.3	(2.1)	[0.241 - 0.325]	0.000									27.6	(2.1)	[0.235 - 0.318]	0.000									27.6	(2.1)	[0.235 - 0.318]	0.000									53.6	(2.3)	[0.490 - 0.582]	0.000									53.5	(2.3)	[0.490 - 0.581]	0.000									53.5	(2.3)	[0.489 - 0.581]	0.000									49.2	(2.3)	[0.447 - 0.536]	0.000
partyid7													-1.1	(0.8)	[-0.027 - 0.004]	0.149	-1.1	(0.8)	[-0.027 - 0.004]	0.149					-1.3	(0.8)	[-0.028 - 0.003]	0.105	-1.3	(0.8)	[-0.028 - 0.003]	0.105																	-2.1	(0.7)	[-0.034 - -0.007]	0.003	-2.1	(0.7)	[-0.034 - -0.007]	0.003					-2.0	(0.7)	[-0.034 - -0.007]	0.003	-2.0	(0.7)	[-0.034 - -0.007]	0.003																	-2.3	(0.7)	[-0.037 - -0.008]	0.002	-2.3	(0.7)	[-0.037 - -0.008]	0.002					-2.2	(0.7)	[-0.036 - -0.007]	0.003	-2.2	(0.7)	[-0.036 - -0.007]	0.003				
																																																																																																												
Observations	2,016				2,016				2,009				2,009				2,009				2,009				2,009				2,009				2,012				2,012				2,012				2,005				2,005				2,005				2,005				2,005				2,005				2,009				2,009				2,009				2,002				2,002				2,002				2,002				2,002				2,002				2,016			
Standard errors in brackets																																																																																																												
