	(1)	(2)	(3)	(4)	(5)	(6)	(7)	(8)	(9)	(10)	(11)	(12)	(13)	(14)	(15)	(16)	(17)	(18)	(19)	(20)	(21)
	spk_r1	spk_r2	spk_r3	spk_r4	spk_r5	spk_r6	spk_r7	col_r1	col_r2	col_r3	col_r4	col_r5	col_r6	col_r7	lib_r1	lib_r2	lib_r3	lib_r4	lib_r5	lib_r6	lib_r7
VARIABLES	spk	spk	spk	spk	spk	spk	spk	col	col	col	col	col	col	col	lib	lib	lib	lib	lib	lib	lib
																					
spk	.	.	.	.	.	.	.														
	(.)	(.)	(.)	(.)	(.)	(.)	(.)														
	[. - .]	[. - .]	[. - .]	[. - .]	[. - .]	[. - .]	[. - .]														
	.	.	.	.	.	.	.														
2.region4	0.128	0.137	0.135	0.137	0.142	0.131	0.137	0.287	0.338	0.323	0.332	0.335	0.322	0.312	-0.022	-0.024	-0.009	-0.021	-0.016	-0.034	-0.028
	(0.215)	(0.218)	(0.216)	(0.217)	(0.215)	(0.217)	(0.217)	(0.252)	(0.261)	(0.261)	(0.261)	(0.265)	(0.261)	(0.263)	(0.211)	(0.212)	(0.212)	(0.214)	(0.215)	(0.212)	(0.212)
	[-0.294 - 0.550]	[-0.291 - 0.565]	[-0.289 - 0.559]	[-0.287 - 0.562]	[-0.280 - 0.564]	[-0.293 - 0.556]	[-0.288 - 0.561]	[-0.207 - 0.781]	[-0.174 - 0.850]	[-0.189 - 0.834]	[-0.180 - 0.844]	[-0.183 - 0.854]	[-0.189 - 0.834]	[-0.204 - 0.827]	[-0.435 - 0.392]	[-0.441 - 0.392]	[-0.425 - 0.407]	[-0.440 - 0.398]	[-0.436 - 0.405]	[-0.449 - 0.381]	[-0.444 - 0.388]
	0.553	0.530	0.534	0.526	0.510	0.544	0.528	0.255	0.196	0.216	0.204	0.205	0.217	0.236	0.918	0.909	0.965	0.922	0.942	0.873	0.895
3.region4	-0.052	-0.016	-0.015	-0.028	-0.025	-0.022	-0.020	0.071	0.169	0.166	0.144	0.146	0.158	0.159	-0.422	-0.398	-0.400	-0.411	-0.420	-0.407	-0.408
	(0.211)	(0.214)	(0.213)	(0.213)	(0.212)	(0.213)	(0.213)	(0.242)	(0.253)	(0.254)	(0.253)	(0.257)	(0.252)	(0.256)	(0.202)	(0.205)	(0.205)	(0.206)	(0.205)	(0.204)	(0.204)
	[-0.466 - 0.363]	[-0.435 - 0.403]	[-0.432 - 0.402]	[-0.445 - 0.389]	[-0.441 - 0.391]	[-0.439 - 0.395]	[-0.437 - 0.398]	[-0.404 - 0.545]	[-0.327 - 0.665]	[-0.332 - 0.663]	[-0.352 - 0.640]	[-0.357 - 0.649]	[-0.336 - 0.653]	[-0.343 - 0.660]	[-0.818 - -0.026]	[-0.800 - 0.004]	[-0.801 - 0.002]	[-0.814 - -0.008]	[-0.822 - -0.018]	[-0.807 - -0.008]	[-0.808 - -0.009]
	0.807	0.940	0.945	0.896	0.906	0.917	0.926	0.771	0.504	0.514	0.570	0.569	0.530	0.535	0.037	0.052	0.051	0.046	0.041	0.046	0.045
4.region4	0.174	0.195	0.192	0.195	0.196	0.199	0.190	0.378	0.452	0.453	0.454	0.460	0.461	0.462	0.136	0.141	0.135	0.143	0.144	0.137	0.145
	(0.230)	(0.232)	(0.231)	(0.232)	(0.231)	(0.233)	(0.233)	(0.246)	(0.256)	(0.257)	(0.257)	(0.262)	(0.258)	(0.261)	(0.224)	(0.226)	(0.225)	(0.227)	(0.228)	(0.226)	(0.227)
	[-0.276 - 0.624]	[-0.261 - 0.650]	[-0.261 - 0.645]	[-0.260 - 0.650]	[-0.258 - 0.649]	[-0.258 - 0.655]	[-0.266 - 0.646]	[-0.104 - 0.859]	[-0.049 - 0.954]	[-0.051 - 0.958]	[-0.051 - 0.958]	[-0.053 - 0.973]	[-0.044 - 0.966]	[-0.050 - 0.973]	[-0.303 - 0.574]	[-0.302 - 0.584]	[-0.305 - 0.576]	[-0.303 - 0.589]	[-0.302 - 0.590]	[-0.306 - 0.581]	[-0.299 - 0.589]
	0.449	0.402	0.406	0.402	0.397	0.393	0.414	0.124	0.077	0.078	0.078	0.079	0.073	0.077	0.544	0.532	0.547	0.529	0.528	0.544	0.522
1.metro	0.115	0.122	0.139	0.129	0.153	0.135	0.146	0.284	0.290	0.304	0.292	0.307	0.313	0.325	0.245	0.261	0.237	0.266	0.241	0.258	0.250
	(0.226)	(0.226)	(0.226)	(0.226)	(0.225)	(0.227)	(0.228)	(0.275)	(0.274)	(0.274)	(0.274)	(0.271)	(0.277)	(0.275)	(0.224)	(0.222)	(0.223)	(0.221)	(0.219)	(0.219)	(0.219)
	[-0.328 - 0.558]	[-0.320 - 0.565]	[-0.304 - 0.583]	[-0.314 - 0.571]	[-0.288 - 0.594]	[-0.311 - 0.581]	[-0.300 - 0.592]	[-0.256 - 0.823]	[-0.247 - 0.827]	[-0.234 - 0.841]	[-0.244 - 0.828]	[-0.224 - 0.838]	[-0.230 - 0.855]	[-0.213 - 0.864]	[-0.193 - 0.684]	[-0.174 - 0.696]	[-0.200 - 0.673]	[-0.168 - 0.699]	[-0.188 - 0.671]	[-0.172 - 0.687]	[-0.179 - 0.678]
	0.610	0.587	0.539	0.569	0.496	0.553	0.521	0.303	0.290	0.268	0.286	0.257	0.259	0.236	0.273	0.239	0.287	0.229	0.270	0.240	0.253
1.female	-0.565	-0.590	-0.602	-0.562	-0.573	-0.577	-0.589	-0.200	-0.264	-0.269	-0.213	-0.214	-0.238	-0.246	0.010	-0.028	-0.019	0.001	0.009	-0.025	-0.016
	(0.133)	(0.134)	(0.134)	(0.133)	(0.133)	(0.133)	(0.133)	(0.154)	(0.158)	(0.158)	(0.156)	(0.157)	(0.156)	(0.158)	(0.139)	(0.140)	(0.140)	(0.140)	(0.140)	(0.140)	(0.140)
	[-0.825 - -0.305]	[-0.852 - -0.328]	[-0.864 - -0.340]	[-0.822 - -0.301]	[-0.833 - -0.312]	[-0.837 - -0.317]	[-0.850 - -0.329]	[-0.502 - 0.101]	[-0.574 - 0.045]	[-0.580 - 0.041]	[-0.519 - 0.092]	[-0.522 - 0.094]	[-0.544 - 0.068]	[-0.555 - 0.063]	[-0.264 - 0.283]	[-0.303 - 0.247]	[-0.293 - 0.255]	[-0.274 - 0.275]	[-0.265 - 0.282]	[-0.299 - 0.249]	[-0.291 - 0.258]
	0.000	0.000	0.000	0.000	0.000	0.000	0.000	0.193	0.094	0.089	0.171	0.173	0.127	0.118	0.945	0.842	0.891	0.996	0.950	0.856	0.907
2.age4	-0.498	-0.546	-0.552	-0.550	-0.561	-0.544	-0.570	-0.353	-0.384	-0.382	-0.390	-0.401	-0.366	-0.421	-0.529	-0.541	-0.537	-0.543	-0.556	-0.534	-0.524
	(0.235)	(0.236)	(0.235)	(0.236)	(0.234)	(0.236)	(0.232)	(0.241)	(0.240)	(0.240)	(0.240)	(0.237)	(0.242)	(0.239)	(0.241)	(0.243)	(0.243)	(0.242)	(0.243)	(0.243)	(0.242)
	[-0.957 - -0.038]	[-1.009 - -0.083]	[-1.013 - -0.091]	[-1.013 - -0.087]	[-1.019 - -0.103]	[-1.006 - -0.081]	[-1.025 - -0.115]	[-0.824 - 0.119]	[-0.855 - 0.087]	[-0.852 - 0.088]	[-0.860 - 0.081]	[-0.866 - 0.064]	[-0.841 - 0.108]	[-0.890 - 0.047]	[-1.001 - -0.057]	[-1.018 - -0.065]	[-1.013 - -0.061]	[-1.018 - -0.068]	[-1.033 - -0.079]	[-1.009 - -0.058]	[-0.998 - -0.050]
	0.034	0.021	0.019	0.020	0.016	0.021	0.014	0.143	0.110	0.112	0.104	0.091	0.131	0.078	0.028	0.026	0.027	0.025	0.022	0.028	0.030
3.age4	-0.817	-0.831	-0.838	-0.832	-0.837	-0.827	-0.847	-0.747	-0.742	-0.742	-0.743	-0.744	-0.730	-0.770	-0.974	-0.969	-0.966	-0.975	-0.992	-0.963	-0.951
	(0.251)	(0.252)	(0.251)	(0.252)	(0.251)	(0.252)	(0.250)	(0.271)	(0.273)	(0.272)	(0.272)	(0.269)	(0.273)	(0.272)	(0.257)	(0.256)	(0.257)	(0.257)	(0.258)	(0.257)	(0.257)
	[-1.309 - -0.325]	[-1.326 - -0.337]	[-1.330 - -0.346]	[-1.327 - -0.337]	[-1.328 - -0.345]	[-1.321 - -0.333]	[-1.337 - -0.358]	[-1.279 - -0.216]	[-1.277 - -0.208]	[-1.275 - -0.210]	[-1.275 - -0.210]	[-1.272 - -0.216]	[-1.265 - -0.194]	[-1.302 - -0.238]	[-1.477 - -0.471]	[-1.471 - -0.466]	[-1.470 - -0.463]	[-1.479 - -0.471]	[-1.498 - -0.486]	[-1.466 - -0.460]	[-1.455 - -0.448]
	0.001	0.001	0.001	0.001	0.001	0.001	0.001	0.006	0.006	0.006	0.006	0.006	0.008	0.005	0.000	0.000	0.000	0.000	0.000	0.000	0.000
4.age4	-0.816	-0.839	-0.840	-0.829	-0.830	-0.815	-0.832	-0.999	-1.038	-1.043	-1.033	-1.049	-0.995	-1.054	-0.801	-0.826	-0.823	-0.816	-0.847	-0.808	-0.801
	(0.289)	(0.291)	(0.290)	(0.291)	(0.290)	(0.290)	(0.288)	(0.320)	(0.318)	(0.318)	(0.319)	(0.314)	(0.318)	(0.314)	(0.298)	(0.299)	(0.297)	(0.301)	(0.300)	(0.300)	(0.298)
	[-1.381 - -0.250]	[-1.409 - -0.269]	[-1.408 - -0.272]	[-1.398 - -0.259]	[-1.397 - -0.262]	[-1.384 - -0.246]	[-1.397 - -0.267]	[-1.627 - -0.372]	[-1.662 - -0.414]	[-1.667 - -0.420]	[-1.658 - -0.407]	[-1.665 - -0.433]	[-1.620 - -0.371]	[-1.669 - -0.439]	[-1.385 - -0.217]	[-1.412 - -0.240]	[-1.406 - -0.241]	[-1.406 - -0.227]	[-1.435 - -0.259]	[-1.395 - -0.220]	[-1.386 - -0.217]
	0.005	0.004	0.004	0.004	0.004	0.005	0.004	0.002	0.001	0.001	0.001	0.001	0.002	0.001	0.007	0.006	0.006	0.007	0.005	0.007	0.007
2.race4	0.019	-0.096	-0.128	-0.033	-0.043	-0.060	-0.078	0.120	-0.103	-0.099	-0.032	-0.012	-0.065	-0.029	0.009	-0.200	-0.189	-0.135	-0.127	-0.169	-0.161
	(0.238)	(0.252)	(0.249)	(0.249)	(0.246)	(0.253)	(0.250)	(0.256)	(0.274)	(0.273)	(0.267)	(0.267)	(0.271)	(0.271)	(0.244)	(0.256)	(0.256)	(0.253)	(0.253)	(0.255)	(0.255)
	[-0.448 - 0.486]	[-0.590 - 0.399]	[-0.616 - 0.359]	[-0.521 - 0.455]	[-0.526 - 0.439]	[-0.555 - 0.436]	[-0.568 - 0.412]	[-0.381 - 0.622]	[-0.639 - 0.434]	[-0.635 - 0.436]	[-0.555 - 0.492]	[-0.535 - 0.510]	[-0.596 - 0.466]	[-0.561 - 0.503]	[-0.469 - 0.487]	[-0.701 - 0.302]	[-0.690 - 0.313]	[-0.631 - 0.362]	[-0.623 - 0.370]	[-0.668 - 0.329]	[-0.662 - 0.339]
	0.938	0.705	0.605	0.894	0.861	0.813	0.755	0.638	0.707	0.716	0.905	0.964	0.810	0.915	0.970	0.435	0.461	0.595	0.617	0.506	0.527
3.race4	-0.199	-0.219	-0.223	-0.212	-0.203	-0.218	-0.209	-0.059	-0.151	-0.146	-0.157	-0.133	-0.175	-0.137	0.095	0.058	0.049	0.070	0.052	0.062	0.056
	(0.286)	(0.286)	(0.283)	(0.288)	(0.282)	(0.288)	(0.279)	(0.298)	(0.297)	(0.297)	(0.303)	(0.301)	(0.307)	(0.298)	(0.269)	(0.267)	(0.269)	(0.267)	(0.273)	(0.271)	(0.271)
	[-0.760 - 0.362]	[-0.779 - 0.341]	[-0.778 - 0.332]	[-0.776 - 0.351]	[-0.756 - 0.351]	[-0.782 - 0.346]	[-0.756 - 0.339]	[-0.643 - 0.525]	[-0.732 - 0.430]	[-0.727 - 0.435]	[-0.750 - 0.437]	[-0.722 - 0.457]	[-0.776 - 0.426]	[-0.721 - 0.447]	[-0.432 - 0.621]	[-0.465 - 0.581]	[-0.479 - 0.577]	[-0.454 - 0.593]	[-0.484 - 0.587]	[-0.469 - 0.594]	[-0.476 - 0.588]
	0.486	0.443	0.431	0.460	0.473	0.448	0.455	0.843	0.610	0.623	0.604	0.659	0.568	0.645	0.725	0.828	0.855	0.794	0.850	0.818	0.837
4.race4	0.215	0.135	0.129	0.146	0.148	0.131	0.128	-0.299	-0.419	-0.425	-0.409	-0.416	-0.441	-0.446	-0.393	-0.457	-0.453	-0.442	-0.441	-0.452	-0.450
	(0.216)	(0.219)	(0.219)	(0.218)	(0.218)	(0.217)	(0.217)	(0.245)	(0.251)	(0.250)	(0.248)	(0.248)	(0.251)	(0.252)	(0.205)	(0.207)	(0.206)	(0.208)	(0.207)	(0.209)	(0.208)
	[-0.208 - 0.638]	[-0.295 - 0.564]	[-0.300 - 0.557]	[-0.280 - 0.573]	[-0.278 - 0.574]	[-0.295 - 0.557]	[-0.296 - 0.553]	[-0.778 - 0.181]	[-0.910 - 0.072]	[-0.915 - 0.065]	[-0.895 - 0.078]	[-0.901 - 0.069]	[-0.933 - 0.051]	[-0.941 - 0.049]	[-0.796 - 0.010]	[-0.862 - -0.051]	[-0.858 - -0.049]	[-0.849 - -0.034]	[-0.847 - -0.036]	[-0.861 - -0.042]	[-0.859 - -0.042]
	0.319	0.539	0.556	0.502	0.496	0.547	0.554	0.223	0.094	0.089	0.100	0.093	0.079	0.077	0.056	0.027	0.028	0.034	0.033	0.031	0.031
2.hhsize	-0.352	-0.388	-0.377	-0.377	-0.364	-0.381	-0.382	-0.240	-0.312	-0.319	-0.300	-0.303	-0.294	-0.360	-0.491	-0.530	-0.529	-0.522	-0.536	-0.521	-0.526
	(0.239)	(0.241)	(0.241)	(0.241)	(0.239)	(0.243)	(0.242)	(0.263)	(0.269)	(0.268)	(0.270)	(0.267)	(0.272)	(0.265)	(0.225)	(0.228)	(0.228)	(0.228)	(0.228)	(0.228)	(0.228)
	[-0.820 - 0.117]	[-0.860 - 0.085]	[-0.850 - 0.096]	[-0.849 - 0.096]	[-0.832 - 0.105]	[-0.856 - 0.095]	[-0.857 - 0.093]	[-0.755 - 0.275]	[-0.840 - 0.216]	[-0.844 - 0.207]	[-0.829 - 0.230]	[-0.826 - 0.220]	[-0.826 - 0.239]	[-0.879 - 0.159]	[-0.933 - -0.049]	[-0.976 - -0.084]	[-0.976 - -0.083]	[-0.968 - -0.076]	[-0.984 - -0.089]	[-0.968 - -0.073]	[-0.973 - -0.078]
	0.141	0.108	0.119	0.118	0.128	0.117	0.115	0.360	0.247	0.235	0.267	0.257	0.280	0.174	0.029	0.020	0.020	0.022	0.019	0.023	0.021
3.hhsize	-0.494	-0.513	-0.500	-0.502	-0.478	-0.502	-0.496	-0.442	-0.475	-0.485	-0.465	-0.476	-0.449	-0.501	-0.845	-0.875	-0.876	-0.861	-0.902	-0.871	-0.890
	(0.260)	(0.261)	(0.262)	(0.261)	(0.259)	(0.263)	(0.264)	(0.288)	(0.289)	(0.288)	(0.290)	(0.288)	(0.294)	(0.293)	(0.256)	(0.258)	(0.259)	(0.257)	(0.260)	(0.259)	(0.259)
	[-1.004 - 0.017]	[-1.025 - -0.001]	[-1.013 - 0.013]	[-1.014 - 0.010]	[-0.986 - 0.031]	[-1.017 - 0.012]	[-1.014 - 0.022]	[-1.006 - 0.122]	[-1.041 - 0.091]	[-1.050 - 0.079]	[-1.033 - 0.103]	[-1.039 - 0.088]	[-1.024 - 0.126]	[-1.075 - 0.073]	[-1.347 - -0.343]	[-1.381 - -0.369]	[-1.383 - -0.370]	[-1.366 - -0.357]	[-1.410 - -0.393]	[-1.379 - -0.364]	[-1.398 - -0.381]
	0.058	0.050	0.056	0.055	0.066	0.056	0.060	0.125	0.100	0.092	0.109	0.098	0.126	0.087	0.001	0.001	0.001	0.001	0.001	0.001	0.001
4.hhsize	0.051	0.050	0.066	0.053	0.078	0.053	0.063	-0.129	-0.161	-0.162	-0.161	-0.150	-0.150	-0.179	-0.708	-0.714	-0.724	-0.711	-0.749	-0.703	-0.722
	(0.284)	(0.286)	(0.285)	(0.286)	(0.285)	(0.288)	(0.287)	(0.328)	(0.335)	(0.335)	(0.342)	(0.344)	(0.342)	(0.341)	(0.280)	(0.283)	(0.284)	(0.284)	(0.287)	(0.283)	(0.284)
	[-0.505 - 0.607]	[-0.511 - 0.610]	[-0.493 - 0.625]	[-0.508 - 0.615]	[-0.480 - 0.637]	[-0.512 - 0.618]	[-0.500 - 0.625]	[-0.772 - 0.513]	[-0.817 - 0.495]	[-0.818 - 0.494]	[-0.830 - 0.509]	[-0.823 - 0.524]	[-0.820 - 0.520]	[-0.846 - 0.489]	[-1.256 - -0.159]	[-1.269 - -0.159]	[-1.280 - -0.169]	[-1.267 - -0.155]	[-1.311 - -0.187]	[-1.258 - -0.147]	[-1.279 - -0.165]
	0.858	0.862	0.817	0.852	0.784	0.855	0.828	0.693	0.630	0.629	0.638	0.663	0.660	0.600	0.011	0.012	0.011	0.012	0.009	0.013	0.011
5.hhsize	-0.094	-0.099	-0.065	-0.082	-0.052	-0.088	-0.065	-0.273	-0.352	-0.362	-0.329	-0.343	-0.328	-0.387	-0.163	-0.250	-0.275	-0.231	-0.270	-0.234	-0.262
	(0.319)	(0.318)	(0.318)	(0.319)	(0.318)	(0.320)	(0.318)	(0.352)	(0.353)	(0.353)	(0.352)	(0.350)	(0.353)	(0.349)	(0.304)	(0.305)	(0.304)	(0.305)	(0.305)	(0.306)	(0.305)
	[-0.720 - 0.531]	[-0.723 - 0.524]	[-0.688 - 0.558]	[-0.707 - 0.544]	[-0.675 - 0.571]	[-0.716 - 0.540]	[-0.689 - 0.559]	[-0.963 - 0.417]	[-1.044 - 0.340]	[-1.053 - 0.329]	[-1.019 - 0.362]	[-1.029 - 0.342]	[-1.021 - 0.364]	[-1.070 - 0.297]	[-0.759 - 0.433]	[-0.848 - 0.348]	[-0.870 - 0.320]	[-0.828 - 0.367]	[-0.869 - 0.328]	[-0.834 - 0.365]	[-0.860 - 0.337]
	0.768	0.755	0.838	0.798	0.869	0.783	0.838	0.437	0.318	0.305	0.351	0.326	0.353	0.268	0.593	0.413	0.365	0.449	0.376	0.443	0.392
6.hhsize	-0.165	-0.176	-0.148	-0.175	-0.142	-0.182	-0.161	0.118	0.081	0.057	0.068	0.051	0.068	-0.010	-0.616	-0.666	-0.658	-0.658	-0.690	-0.665	-0.680
	(0.324)	(0.324)	(0.325)	(0.325)	(0.324)	(0.326)	(0.326)	(0.328)	(0.330)	(0.330)	(0.329)	(0.330)	(0.329)	(0.326)	(0.295)	(0.297)	(0.298)	(0.296)	(0.299)	(0.297)	(0.299)
	[-0.800 - 0.469]	[-0.812 - 0.459]	[-0.785 - 0.490]	[-0.812 - 0.462]	[-0.777 - 0.492]	[-0.820 - 0.456]	[-0.799 - 0.477]	[-0.525 - 0.762]	[-0.566 - 0.728]	[-0.590 - 0.703]	[-0.578 - 0.713]	[-0.596 - 0.698]	[-0.577 - 0.714]	[-0.650 - 0.629]	[-1.194 - -0.038]	[-1.248 - -0.084]	[-1.241 - -0.075]	[-1.239 - -0.077]	[-1.276 - -0.105]	[-1.247 - -0.082]	[-1.265 - -0.095]
	0.609	0.587	0.650	0.591	0.660	0.575	0.620	0.718	0.806	0.864	0.837	0.878	0.835	0.975	0.037	0.025	0.027	0.026	0.021	0.025	0.023
2.marital	-0.264	-0.290	-0.294	-0.285	-0.282	-0.298	-0.310	0.383	0.322	0.319	0.316	0.310	0.290	0.280	-0.297	-0.355	-0.347	-0.343	-0.350	-0.346	-0.350
	(0.417)	(0.417)	(0.415)	(0.420)	(0.418)	(0.420)	(0.420)	(0.442)	(0.447)	(0.445)	(0.439)	(0.438)	(0.442)	(0.432)	(0.321)	(0.312)	(0.317)	(0.317)	(0.323)	(0.318)	(0.320)
	[-1.080 - 0.552]	[-1.108 - 0.527]	[-1.107 - 0.519]	[-1.108 - 0.538]	[-1.101 - 0.536]	[-1.121 - 0.525]	[-1.133 - 0.512]	[-0.484 - 1.250]	[-0.554 - 1.197]	[-0.552 - 1.191]	[-0.545 - 1.176]	[-0.549 - 1.168]	[-0.577 - 1.156]	[-0.567 - 1.126]	[-0.925 - 0.332]	[-0.967 - 0.256]	[-0.967 - 0.274]	[-0.965 - 0.279]	[-0.982 - 0.283]	[-0.968 - 0.277]	[-0.977 - 0.277]
	0.526	0.486	0.479	0.498	0.499	0.478	0.459	0.387	0.471	0.473	0.472	0.480	0.513	0.517	0.355	0.254	0.273	0.280	0.278	0.276	0.274
3.marital	0.057	0.052	0.064	0.053	0.060	0.039	0.049	-0.111	-0.164	-0.164	-0.167	-0.176	-0.195	-0.202	-0.133	-0.158	-0.166	-0.156	-0.172	-0.162	-0.171
	(0.239)	(0.241)	(0.241)	(0.240)	(0.239)	(0.241)	(0.241)	(0.256)	(0.258)	(0.257)	(0.262)	(0.260)	(0.263)	(0.263)	(0.227)	(0.226)	(0.227)	(0.227)	(0.229)	(0.228)	(0.229)
	[-0.412 - 0.525]	[-0.420 - 0.524]	[-0.408 - 0.537]	[-0.418 - 0.524]	[-0.409 - 0.528]	[-0.433 - 0.512]	[-0.424 - 0.522]	[-0.612 - 0.390]	[-0.671 - 0.342]	[-0.668 - 0.340]	[-0.680 - 0.346]	[-0.686 - 0.334]	[-0.711 - 0.321]	[-0.717 - 0.313]	[-0.578 - 0.311]	[-0.602 - 0.285]	[-0.611 - 0.279]	[-0.602 - 0.289]	[-0.621 - 0.276]	[-0.609 - 0.284]	[-0.618 - 0.277]
	0.813	0.829	0.790	0.824	0.803	0.870	0.839	0.664	0.524	0.523	0.523	0.500	0.459	0.443	0.557	0.484	0.464	0.491	0.451	0.475	0.455
4.marital	1.127	1.313	1.331	1.354	1.375	1.346	1.358	1.205	1.357	1.339	1.419	1.418	1.393	1.353	-0.411	-0.404	-0.393	-0.365	-0.388	-0.397	-0.385
	(0.487)	(0.477)	(0.471)	(0.480)	(0.475)	(0.483)	(0.478)	(0.621)	(0.574)	(0.584)	(0.567)	(0.572)	(0.575)	(0.582)	(0.610)	(0.631)	(0.634)	(0.642)	(0.633)	(0.638)	(0.634)
	[0.173 - 2.081]	[0.377 - 2.248]	[0.407 - 2.254]	[0.412 - 2.296]	[0.443 - 2.306]	[0.400 - 2.292]	[0.422 - 2.294]	[-0.011 - 2.422]	[0.232 - 2.482]	[0.194 - 2.484]	[0.308 - 2.529]	[0.296 - 2.539]	[0.266 - 2.520]	[0.213 - 2.493]	[-1.606 - 0.784]	[-1.640 - 0.833]	[-1.636 - 0.851]	[-1.623 - 0.893]	[-1.630 - 0.854]	[-1.647 - 0.853]	[-1.627 - 0.857]
	0.021	0.006	0.005	0.005	0.004	0.005	0.004	0.052	0.018	0.022	0.012	0.013	0.015	0.020	0.500	0.522	0.536	0.569	0.540	0.534	0.544
5.marital	0.091	0.042	0.048	0.070	0.071	0.067	0.060	0.230	0.077	0.078	0.110	0.102	0.120	0.068	-0.125	-0.211	-0.207	-0.189	-0.213	-0.183	-0.178
	(0.231)	(0.232)	(0.232)	(0.231)	(0.230)	(0.230)	(0.230)	(0.261)	(0.270)	(0.269)	(0.266)	(0.266)	(0.264)	(0.262)	(0.232)	(0.233)	(0.232)	(0.233)	(0.233)	(0.234)	(0.232)
	[-0.362 - 0.543]	[-0.413 - 0.496]	[-0.407 - 0.502]	[-0.382 - 0.522]	[-0.379 - 0.522]	[-0.385 - 0.518]	[-0.392 - 0.511]	[-0.282 - 0.741]	[-0.451 - 0.606]	[-0.449 - 0.605]	[-0.412 - 0.632]	[-0.418 - 0.623]	[-0.397 - 0.638]	[-0.446 - 0.583]	[-0.579 - 0.329]	[-0.667 - 0.246]	[-0.662 - 0.248]	[-0.646 - 0.269]	[-0.669 - 0.244]	[-0.641 - 0.274]	[-0.633 - 0.278]
	0.695	0.857	0.837	0.762	0.757	0.771	0.795	0.379	0.774	0.771	0.680	0.700	0.648	0.795	0.588	0.366	0.372	0.419	0.361	0.432	0.444
6.marital	0.386	0.376	0.383	0.382	0.394	0.379	0.369	0.535	0.505	0.498	0.506	0.497	0.505	0.455	-0.063	-0.102	-0.097	-0.093	-0.107	-0.097	-0.081
	(0.259)	(0.259)	(0.259)	(0.261)	(0.261)	(0.260)	(0.260)	(0.278)	(0.279)	(0.282)	(0.283)	(0.284)	(0.284)	(0.284)	(0.267)	(0.267)	(0.265)	(0.269)	(0.269)	(0.266)	(0.264)
	[-0.122 - 0.895]	[-0.132 - 0.884]	[-0.125 - 0.891]	[-0.130 - 0.894]	[-0.116 - 0.905]	[-0.131 - 0.889]	[-0.141 - 0.879]	[-0.011 - 1.081]	[-0.043 - 1.052]	[-0.054 - 1.050]	[-0.048 - 1.060]	[-0.060 - 1.054]	[-0.052 - 1.061]	[-0.102 - 1.012]	[-0.586 - 0.461]	[-0.624 - 0.421]	[-0.618 - 0.423]	[-0.619 - 0.434]	[-0.635 - 0.421]	[-0.618 - 0.424]	[-0.598 - 0.435]
	0.137	0.147	0.140	0.143	0.130	0.145	0.156	0.055	0.071	0.077	0.073	0.081	0.076	0.109	0.815	0.703	0.713	0.731	0.691	0.714	0.758
2.relig	-0.361	-0.369	-0.384	-0.352	-0.361	-0.366	-0.383	-0.171	-0.210	-0.204	-0.186	-0.186	-0.220	-0.222	0.205	0.150	0.152	0.169	0.171	0.152	0.164
	(0.209)	(0.211)	(0.210)	(0.210)	(0.210)	(0.209)	(0.207)	(0.254)	(0.262)	(0.263)	(0.260)	(0.262)	(0.259)	(0.259)	(0.203)	(0.205)	(0.205)	(0.205)	(0.204)	(0.204)	(0.204)
	[-0.771 - 0.049]	[-0.782 - 0.044]	[-0.796 - 0.028]	[-0.763 - 0.059]	[-0.772 - 0.049]	[-0.775 - 0.043]	[-0.789 - 0.023]	[-0.670 - 0.327]	[-0.725 - 0.304]	[-0.720 - 0.312]	[-0.695 - 0.323]	[-0.699 - 0.328]	[-0.728 - 0.287]	[-0.730 - 0.285]	[-0.193 - 0.603]	[-0.252 - 0.552]	[-0.250 - 0.553]	[-0.232 - 0.571]	[-0.229 - 0.571]	[-0.247 - 0.552]	[-0.237 - 0.564]
	0.084	0.080	0.067	0.093	0.085	0.080	0.064	0.501	0.423	0.438	0.475	0.479	0.395	0.391	0.313	0.464	0.460	0.408	0.402	0.455	0.423
3.relig	-0.788	-0.838	-0.820	-0.866	-0.849	-0.865	-0.816	-0.820	-0.941	-0.969	-0.993	-0.998	-0.965	-1.006	-0.336	-0.418	-0.405	-0.426	-0.467	-0.450	-0.464
	(0.744)	(0.767)	(0.773)	(0.775)	(0.782)	(0.765)	(0.766)	(0.737)	(0.793)	(0.777)	(0.786)	(0.770)	(0.769)	(0.785)	(0.660)	(0.634)	(0.624)	(0.638)	(0.620)	(0.630)	(0.621)
	[-2.247 - 0.671]	[-2.341 - 0.665]	[-2.335 - 0.695]	[-2.385 - 0.652]	[-2.383 - 0.684]	[-2.365 - 0.634]	[-2.316 - 0.685]	[-2.265 - 0.624]	[-2.496 - 0.614]	[-2.493 - 0.554]	[-2.533 - 0.547]	[-2.506 - 0.511]	[-2.472 - 0.542]	[-2.545 - 0.532]	[-1.629 - 0.957]	[-1.661 - 0.825]	[-1.629 - 0.818]	[-1.677 - 0.826]	[-1.681 - 0.748]	[-1.685 - 0.785]	[-1.682 - 0.754]
	0.290	0.274	0.289	0.263	0.278	0.258	0.287	0.266	0.235	0.212	0.206	0.195	0.210	0.200	0.611	0.510	0.516	0.505	0.452	0.475	0.455
4.relig	2.596	2.511	2.477	2.562	2.531	2.570	2.597	2.203	2.045	1.980	2.152	2.125	2.158	2.158	0.655	0.607	0.726	0.651	0.716	0.622	0.653
	(1.081)	(1.108)	(1.124)	(1.092)	(1.101)	(1.125)	(1.162)	(0.889)	(0.915)	(0.938)	(0.880)	(0.909)	(0.893)	(0.918)	(0.726)	(0.666)	(0.667)	(0.685)	(0.693)	(0.688)	(0.690)
	[0.477 - 4.715]	[0.340 - 4.682]	[0.273 - 4.680]	[0.421 - 4.703]	[0.374 - 4.688]	[0.366 - 4.775]	[0.319 - 4.874]	[0.461 - 3.945]	[0.251 - 3.840]	[0.143 - 3.818]	[0.427 - 3.876]	[0.344 - 3.906]	[0.408 - 3.908]	[0.359 - 3.957]	[-0.768 - 2.078]	[-0.698 - 1.913]	[-0.581 - 2.032]	[-0.692 - 1.994]	[-0.643 - 2.075]	[-0.725 - 1.970]	[-0.700 - 2.006]
	0.016	0.023	0.028	0.019	0.021	0.022	0.025	0.013	0.025	0.035	0.014	0.019	0.016	0.019	0.367	0.362	0.276	0.342	0.302	0.365	0.344
5.relig	0.521	0.480	0.453	0.495	0.486	0.478	0.452	0.424	0.323	0.317	0.336	0.337	0.330	0.333	0.458	0.372	0.401	0.378	0.405	0.369	0.407
	(0.474)	(0.472)	(0.473)	(0.479)	(0.481)	(0.476)	(0.486)	(0.539)	(0.542)	(0.532)	(0.550)	(0.547)	(0.535)	(0.527)	(0.483)	(0.483)	(0.484)	(0.487)	(0.491)	(0.479)	(0.473)
	[-0.408 - 1.451]	[-0.446 - 1.406]	[-0.473 - 1.379]	[-0.444 - 1.435]	[-0.457 - 1.429]	[-0.455 - 1.412]	[-0.500 - 1.405]	[-0.632 - 1.481]	[-0.739 - 1.385]	[-0.727 - 1.360]	[-0.742 - 1.414]	[-0.735 - 1.408]	[-0.719 - 1.379]	[-0.700 - 1.367]	[-0.489 - 1.404]	[-0.575 - 1.319]	[-0.546 - 1.349]	[-0.577 - 1.332]	[-0.558 - 1.368]	[-0.570 - 1.309]	[-0.520 - 1.334]
	0.271	0.310	0.338	0.302	0.312	0.315	0.352	0.431	0.551	0.552	0.542	0.538	0.537	0.527	0.343	0.442	0.407	0.438	0.410	0.441	0.390
6.relig	-0.782	-0.844	-0.802	-0.844	-0.809	-0.871	-0.825	-0.143	-0.222	-0.240	-0.241	-0.287	-0.282	-0.300	0.221	0.092	0.080	0.090	0.105	0.067	0.052
	(0.854)	(0.867)	(0.860)	(0.877)	(0.879)	(0.885)	(0.893)	(1.042)	(1.083)	(1.074)	(1.098)	(1.104)	(1.121)	(1.137)	(0.871)	(0.875)	(0.898)	(0.862)	(0.895)	(0.866)	(0.887)
	[-2.456 - 0.891]	[-2.542 - 0.855]	[-2.487 - 0.883]	[-2.563 - 0.874]	[-2.533 - 0.914]	[-2.605 - 0.863]	[-2.576 - 0.926]	[-2.185 - 1.898]	[-2.344 - 1.900]	[-2.346 - 1.865]	[-2.393 - 1.911]	[-2.450 - 1.876]	[-2.478 - 1.915]	[-2.528 - 1.928]	[-1.485 - 1.927]	[-1.622 - 1.806]	[-1.680 - 1.839]	[-1.599 - 1.780]	[-1.649 - 1.860]	[-1.630 - 1.764]	[-1.687 - 1.791]
	0.360	0.330	0.351	0.336	0.357	0.325	0.356	0.891	0.837	0.823	0.826	0.795	0.802	0.792	0.799	0.916	0.929	0.917	0.906	0.938	0.953
7.relig	0.676	0.623	0.544	0.633	0.580	0.607	0.556	-0.154	-0.204	-0.203	-0.200	-0.165	-0.269	-0.192	-0.719	-0.839	-0.788	-0.799	-0.754	-0.851	-0.816
	(0.567)	(0.570)	(0.567)	(0.573)	(0.572)	(0.574)	(0.572)	(0.719)	(0.688)	(0.688)	(0.707)	(0.698)	(0.717)	(0.703)	(0.601)	(0.579)	(0.595)	(0.588)	(0.603)	(0.588)	(0.608)
	[-0.436 - 1.788]	[-0.494 - 1.740]	[-0.566 - 1.654]	[-0.491 - 1.757]	[-0.542 - 1.701]	[-0.518 - 1.731]	[-0.565 - 1.676]	[-1.564 - 1.257]	[-1.553 - 1.145]	[-1.552 - 1.146]	[-1.584 - 1.185]	[-1.533 - 1.204]	[-1.674 - 1.136]	[-1.570 - 1.185]	[-1.897 - 0.458]	[-1.974 - 0.297]	[-1.953 - 0.378]	[-1.952 - 0.353]	[-1.936 - 0.429]	[-2.003 - 0.302]	[-2.007 - 0.375]
	0.234	0.275	0.337	0.270	0.311	0.290	0.331	0.831	0.767	0.768	0.778	0.814	0.708	0.785	0.231	0.148	0.185	0.174	0.212	0.148	0.179
8.relig	-1.760	-1.824	-1.820	-1.818	-1.779	-1.850	-1.799	-2.172	-2.219	-2.262	-2.245	-2.231	-2.286	-2.190	-0.856	-1.035	-1.026	-1.007	-0.987	-1.037	-1.072
	(0.884)	(0.882)	(0.890)	(0.897)	(0.899)	(0.909)	(0.908)	(1.088)	(1.120)	(1.133)	(1.098)	(1.092)	(1.152)	(1.149)	(0.805)	(0.822)	(0.816)	(0.818)	(0.795)	(0.830)	(0.838)
	[-3.492 - -0.027]	[-3.552 - -0.096]	[-3.566 - -0.075]	[-3.577 - -0.059]	[-3.542 - -0.017]	[-3.631 - -0.068]	[-3.578 - -0.020]	[-4.304 - -0.040]	[-4.415 - -0.023]	[-4.483 - -0.041]	[-4.397 - -0.094]	[-4.370 - -0.091]	[-4.543 - -0.029]	[-4.442 - 0.062]	[-2.433 - 0.721]	[-2.647 - 0.577]	[-2.625 - 0.573]	[-2.610 - 0.597]	[-2.545 - 0.570]	[-2.664 - 0.591]	[-2.714 - 0.571]
	0.046	0.039	0.041	0.043	0.048	0.042	0.048	0.046	0.048	0.046	0.041	0.041	0.047	0.057	0.288	0.208	0.209	0.219	0.214	0.212	0.201
9.relig	0.903	0.783	0.778	0.831	0.836	0.814	0.808	0.530	0.292	0.307	0.336	0.343	0.307	0.345	1.384	1.138	1.118	1.199	1.169	1.163	1.150
	(0.370)	(0.382)	(0.387)	(0.381)	(0.385)	(0.381)	(0.387)	(0.319)	(0.326)	(0.329)	(0.324)	(0.328)	(0.324)	(0.325)	(0.406)	(0.414)	(0.410)	(0.412)	(0.407)	(0.413)	(0.409)
	[0.179 - 1.627]	[0.035 - 1.532]	[0.020 - 1.536]	[0.085 - 1.577]	[0.082 - 1.591]	[0.067 - 1.561]	[0.049 - 1.568]	[-0.096 - 1.155]	[-0.347 - 0.930]	[-0.337 - 0.951]	[-0.300 - 0.972]	[-0.299 - 0.986]	[-0.327 - 0.941]	[-0.293 - 0.983]	[0.589 - 2.179]	[0.327 - 1.949]	[0.314 - 1.921]	[0.391 - 2.007]	[0.371 - 1.967]	[0.354 - 1.973]	[0.348 - 1.953]
	0.015	0.040	0.044	0.029	0.030	0.033	0.037	0.097	0.371	0.350	0.300	0.295	0.343	0.289	0.001	0.006	0.006	0.004	0.004	0.005	0.005
10.relig	0.335	0.256	0.237	0.296	0.290	0.268	0.268	0.178	0.029	0.035	0.060	0.074	-0.001	0.016	0.689	0.519	0.522	0.583	0.547	0.526	0.518
	(0.337)	(0.346)	(0.350)	(0.349)	(0.351)	(0.354)	(0.354)	(0.354)	(0.359)	(0.361)	(0.363)	(0.364)	(0.371)	(0.369)	(0.373)	(0.378)	(0.378)	(0.383)	(0.382)	(0.383)	(0.382)
	[-0.325 - 0.995]	[-0.423 - 0.935]	[-0.449 - 0.923]	[-0.388 - 0.980]	[-0.399 - 0.979]	[-0.425 - 0.961]	[-0.426 - 0.961]	[-0.516 - 0.873]	[-0.675 - 0.734]	[-0.673 - 0.743]	[-0.652 - 0.771]	[-0.639 - 0.786]	[-0.728 - 0.726]	[-0.707 - 0.739]	[-0.042 - 1.420]	[-0.222 - 1.261]	[-0.220 - 1.263]	[-0.167 - 1.332]	[-0.202 - 1.296]	[-0.224 - 1.276]	[-0.231 - 1.268]
	0.320	0.460	0.498	0.396	0.409	0.449	0.450	0.615	0.935	0.922	0.870	0.839	0.998	0.966	0.065	0.170	0.168	0.128	0.153	0.169	0.175
11.relig	0.444	0.399	0.403	0.402	0.406	0.385	0.403	0.554	0.452	0.460	0.441	0.444	0.397	0.412	0.966	0.854	0.847	0.864	0.856	0.847	0.833
	(0.223)	(0.229)	(0.230)	(0.226)	(0.226)	(0.231)	(0.234)	(0.247)	(0.251)	(0.251)	(0.250)	(0.251)	(0.255)	(0.257)	(0.242)	(0.246)	(0.246)	(0.245)	(0.245)	(0.245)	(0.246)
	[0.007 - 0.881]	[-0.050 - 0.849]	[-0.048 - 0.855]	[-0.041 - 0.846]	[-0.037 - 0.850]	[-0.068 - 0.837]	[-0.055 - 0.861]	[0.070 - 1.037]	[-0.039 - 0.944]	[-0.033 - 0.953]	[-0.049 - 0.932]	[-0.047 - 0.935]	[-0.103 - 0.898]	[-0.092 - 0.916]	[0.492 - 1.441]	[0.371 - 1.337]	[0.364 - 1.330]	[0.383 - 1.344]	[0.376 - 1.336]	[0.367 - 1.328]	[0.352 - 1.314]
	0.047	0.081	0.080	0.075	0.072	0.096	0.085	0.025	0.071	0.067	0.078	0.076	0.120	0.109	0.000	0.001	0.001	0.000	0.000	0.001	0.001
12.relig	-0.179	-0.178	-0.181	-0.184	-0.176	-0.190	-0.182	0.068	0.070	0.064	0.063	0.067	0.039	0.049	-0.086	-0.104	-0.094	-0.103	-0.105	-0.107	-0.114
	(0.191)	(0.193)	(0.191)	(0.192)	(0.191)	(0.193)	(0.191)	(0.231)	(0.234)	(0.234)	(0.235)	(0.237)	(0.239)	(0.241)	(0.190)	(0.190)	(0.190)	(0.190)	(0.190)	(0.191)	(0.192)
	[-0.554 - 0.195]	[-0.556 - 0.199]	[-0.556 - 0.194]	[-0.560 - 0.192]	[-0.551 - 0.198]	[-0.568 - 0.188]	[-0.556 - 0.191]	[-0.384 - 0.520]	[-0.388 - 0.528]	[-0.395 - 0.524]	[-0.398 - 0.525]	[-0.398 - 0.531]	[-0.429 - 0.507]	[-0.423 - 0.521]	[-0.458 - 0.286]	[-0.477 - 0.269]	[-0.466 - 0.278]	[-0.476 - 0.270]	[-0.477 - 0.268]	[-0.482 - 0.268]	[-0.490 - 0.262]
	0.348	0.355	0.345	0.338	0.356	0.323	0.339	0.768	0.764	0.783	0.788	0.778	0.871	0.840	0.652	0.584	0.620	0.588	0.581	0.577	0.554
13.relig	0.549	0.464	0.447	0.488	0.473	0.452	0.435	1.020	0.798	0.778	0.847	0.824	0.783	0.769	0.403	0.182	0.218	0.238	0.261	0.184	0.207
	(0.502)	(0.503)	(0.507)	(0.495)	(0.499)	(0.502)	(0.503)	(0.508)	(0.535)	(0.540)	(0.520)	(0.519)	(0.529)	(0.538)	(0.604)	(0.594)	(0.601)	(0.599)	(0.590)	(0.599)	(0.596)
	[-0.435 - 1.533]	[-0.522 - 1.450]	[-0.547 - 1.441]	[-0.483 - 1.459]	[-0.505 - 1.451]	[-0.532 - 1.437]	[-0.551 - 1.421]	[0.025 - 2.015]	[-0.251 - 1.847]	[-0.280 - 1.835]	[-0.171 - 1.865]	[-0.194 - 1.842]	[-0.253 - 1.819]	[-0.286 - 1.823]	[-0.780 - 1.587]	[-0.982 - 1.346]	[-0.959 - 1.395]	[-0.935 - 1.412]	[-0.896 - 1.418]	[-0.990 - 1.359]	[-0.962 - 1.376]
	0.274	0.356	0.378	0.324	0.343	0.368	0.387	0.044	0.136	0.150	0.103	0.113	0.138	0.153	0.504	0.759	0.717	0.690	0.659	0.759	0.728
14.relig	0.448	0.380	0.385	0.374	0.392	0.333	0.326	0.573	0.459	0.451	0.442	0.434	0.369	0.404	0.405	0.267	0.267	0.286	0.321	0.252	0.276
	(0.511)	(0.511)	(0.517)	(0.506)	(0.514)	(0.504)	(0.513)	(0.450)	(0.450)	(0.449)	(0.445)	(0.447)	(0.437)	(0.439)	(0.476)	(0.481)	(0.479)	(0.474)	(0.477)	(0.477)	(0.484)
	[-0.553 - 1.448]	[-0.623 - 1.382]	[-0.628 - 1.399]	[-0.617 - 1.366]	[-0.614 - 1.399]	[-0.655 - 1.321]	[-0.679 - 1.331]	[-0.309 - 1.455]	[-0.422 - 1.340]	[-0.428 - 1.330]	[-0.430 - 1.315]	[-0.443 - 1.311]	[-0.487 - 1.226]	[-0.456 - 1.265]	[-0.529 - 1.338]	[-0.675 - 1.209]	[-0.671 - 1.206]	[-0.644 - 1.216]	[-0.614 - 1.256]	[-0.682 - 1.186]	[-0.673 - 1.225]
	0.381	0.458	0.456	0.459	0.445	0.509	0.525	0.203	0.307	0.315	0.320	0.332	0.398	0.357	0.396	0.578	0.577	0.546	0.501	0.597	0.569
15.relig	0.358	0.406	0.434	0.397	0.436	0.429	0.516	1.399	1.176	1.188	1.154	1.175	1.232	1.276	-0.769	-0.586	-0.631	-0.590	-0.681	-0.551	-0.643
	(0.629)	(0.668)	(0.677)	(0.665)	(0.677)	(0.655)	(0.661)	(0.651)	(0.675)	(0.681)	(0.676)	(0.683)	(0.628)	(0.624)	(0.558)	(0.702)	(0.718)	(0.693)	(0.707)	(0.697)	(0.715)
	[-0.876 - 1.592]	[-0.904 - 1.716]	[-0.893 - 1.761]	[-0.907 - 1.701]	[-0.891 - 1.763]	[-0.856 - 1.713]	[-0.780 - 1.812]	[0.123 - 2.675]	[-0.147 - 2.498]	[-0.147 - 2.523]	[-0.171 - 2.478]	[-0.165 - 2.514]	[0.001 - 2.463]	[0.054 - 2.498]	[-1.862 - 0.324]	[-1.962 - 0.790]	[-2.039 - 0.777]	[-1.947 - 0.768]	[-2.066 - 0.705]	[-1.918 - 0.816]	[-2.045 - 0.759]
	0.570	0.543	0.522	0.550	0.520	0.513	0.435	0.032	0.081	0.081	0.088	0.086	0.050	0.041	0.168	0.404	0.379	0.395	0.335	0.430	0.369
2.educ4	0.409	0.429	0.446	0.393	0.417	0.418	0.457	-0.428	-0.369	-0.381	-0.422	-0.417	-0.379	-0.358	-0.289	-0.240	-0.241	-0.269	-0.268	-0.240	-0.265
	(0.354)	(0.361)	(0.361)	(0.358)	(0.354)	(0.358)	(0.355)	(0.383)	(0.379)	(0.378)	(0.378)	(0.374)	(0.381)	(0.376)	(0.289)	(0.285)	(0.285)	(0.285)	(0.287)	(0.285)	(0.286)
	[-0.285 - 1.103]	[-0.279 - 1.138]	[-0.262 - 1.154]	[-0.308 - 1.093]	[-0.278 - 1.111]	[-0.285 - 1.120]	[-0.238 - 1.152]	[-1.179 - 0.322]	[-1.112 - 0.375]	[-1.122 - 0.360]	[-1.162 - 0.319]	[-1.150 - 0.317]	[-1.126 - 0.367]	[-1.096 - 0.379]	[-0.855 - 0.278]	[-0.798 - 0.319]	[-0.799 - 0.318]	[-0.829 - 0.290]	[-0.830 - 0.294]	[-0.799 - 0.318]	[-0.826 - 0.296]
	0.248	0.235	0.217	0.272	0.239	0.244	0.198	0.263	0.331	0.314	0.264	0.266	0.319	0.341	0.318	0.400	0.398	0.345	0.350	0.399	0.354
3.educ4	0.918	0.954	0.975	0.939	0.976	0.960	1.001	-0.110	-0.080	-0.112	-0.089	-0.096	-0.055	-0.065	0.236	0.256	0.263	0.248	0.235	0.264	0.242
	(0.344)	(0.349)	(0.350)	(0.344)	(0.341)	(0.345)	(0.342)	(0.366)	(0.360)	(0.360)	(0.358)	(0.356)	(0.359)	(0.356)	(0.274)	(0.269)	(0.270)	(0.270)	(0.273)	(0.270)	(0.272)
	[0.245 - 1.591]	[0.269 - 1.639]	[0.290 - 1.660]	[0.263 - 1.614]	[0.307 - 1.645]	[0.285 - 1.636]	[0.332 - 1.671]	[-0.827 - 0.608]	[-0.785 - 0.626]	[-0.817 - 0.593]	[-0.791 - 0.613]	[-0.794 - 0.602]	[-0.758 - 0.649]	[-0.762 - 0.633]	[-0.300 - 0.772]	[-0.272 - 0.783]	[-0.265 - 0.791]	[-0.281 - 0.776]	[-0.300 - 0.770]	[-0.265 - 0.794]	[-0.292 - 0.776]
	0.008	0.006	0.005	0.006	0.004	0.005	0.003	0.765	0.825	0.755	0.803	0.788	0.879	0.856	0.389	0.342	0.329	0.359	0.389	0.328	0.374
4.educ4	1.282	1.291	1.313	1.278	1.317	1.305	1.346	0.647	0.675	0.643	0.669	0.667	0.715	0.722	0.934	0.922	0.939	0.920	0.923	0.938	0.927
	(0.359)	(0.366)	(0.366)	(0.360)	(0.357)	(0.360)	(0.357)	(0.379)	(0.377)	(0.376)	(0.373)	(0.370)	(0.373)	(0.369)	(0.292)	(0.288)	(0.289)	(0.289)	(0.291)	(0.289)	(0.290)
	[0.578 - 1.985]	[0.574 - 2.009]	[0.595 - 2.030]	[0.572 - 1.984]	[0.617 - 2.017]	[0.599 - 2.011]	[0.646 - 2.046]	[-0.095 - 1.390]	[-0.064 - 1.413]	[-0.094 - 1.379]	[-0.062 - 1.400]	[-0.058 - 1.393]	[-0.016 - 1.445]	[-0.001 - 1.446]	[0.361 - 1.507]	[0.357 - 1.488]	[0.374 - 1.505]	[0.354 - 1.487]	[0.354 - 1.493]	[0.372 - 1.505]	[0.358 - 1.495]
	0.000	0.000	0.000	0.000	0.000	0.000	0.000	0.088	0.073	0.087	0.073	0.071	0.055	0.050	0.001	0.001	0.001	0.001	0.001	0.001	0.001
2.income	0.426	0.453	0.459	0.415	0.419	0.426	0.491	0.095	0.142	0.135	0.094	0.082	0.096	0.129	-0.968	-0.907	-0.897	-0.943	-0.976	-0.904	-0.944
	(0.682)	(0.683)	(0.685)	(0.689)	(0.689)	(0.693)	(0.698)	(0.714)	(0.712)	(0.721)	(0.710)	(0.712)	(0.713)	(0.717)	(0.638)	(0.650)	(0.637)	(0.650)	(0.643)	(0.648)	(0.644)
	[-0.911 - 1.762]	[-0.885 - 1.792]	[-0.884 - 1.802]	[-0.936 - 1.766]	[-0.931 - 1.770]	[-0.933 - 1.785]	[-0.876 - 1.859]	[-1.304 - 1.493]	[-1.253 - 1.537]	[-1.278 - 1.549]	[-1.297 - 1.486]	[-1.314 - 1.477]	[-1.302 - 1.493]	[-1.277 - 1.534]	[-2.218 - 0.282]	[-2.182 - 0.367]	[-2.146 - 0.352]	[-2.218 - 0.331]	[-2.238 - 0.285]	[-2.173 - 0.365]	[-2.207 - 0.319]
	0.532	0.507	0.503	0.547	0.543	0.539	0.481	0.894	0.842	0.851	0.894	0.909	0.893	0.858	0.129	0.163	0.159	0.147	0.129	0.163	0.143
3.income	-0.131	-0.093	-0.084	-0.120	-0.111	-0.117	-0.062	-0.125	-0.076	-0.098	-0.105	-0.114	-0.128	-0.112	-0.954	-0.913	-0.887	-0.923	-0.948	-0.920	-0.948
	(0.678)	(0.684)	(0.685)	(0.687)	(0.690)	(0.689)	(0.702)	(0.685)	(0.707)	(0.710)	(0.708)	(0.705)	(0.700)	(0.710)	(0.627)	(0.635)	(0.617)	(0.633)	(0.622)	(0.635)	(0.621)
	[-1.459 - 1.197]	[-1.433 - 1.246]	[-1.427 - 1.259]	[-1.466 - 1.227]	[-1.463 - 1.240]	[-1.467 - 1.233]	[-1.437 - 1.313]	[-1.468 - 1.218]	[-1.461 - 1.310]	[-1.490 - 1.294]	[-1.493 - 1.283]	[-1.496 - 1.267]	[-1.499 - 1.243]	[-1.503 - 1.279]	[-2.183 - 0.274]	[-2.158 - 0.332]	[-2.097 - 0.323]	[-2.164 - 0.317]	[-2.167 - 0.271]	[-2.165 - 0.324]	[-2.165 - 0.269]
	0.847	0.891	0.903	0.862	0.872	0.865	0.930	0.855	0.915	0.890	0.882	0.871	0.855	0.875	0.128	0.151	0.151	0.145	0.127	0.147	0.127
4.income	-0.433	-0.420	-0.417	-0.453	-0.446	-0.437	-0.398	-0.739	-0.746	-0.757	-0.780	-0.783	-0.767	-0.752	-0.601	-0.591	-0.555	-0.615	-0.627	-0.590	-0.607
	(0.602)	(0.610)	(0.608)	(0.613)	(0.615)	(0.615)	(0.620)	(0.606)	(0.626)	(0.635)	(0.625)	(0.629)	(0.616)	(0.632)	(0.600)	(0.605)	(0.590)	(0.608)	(0.596)	(0.605)	(0.594)
	[-1.613 - 0.747]	[-1.616 - 0.775]	[-1.609 - 0.774]	[-1.655 - 0.748]	[-1.650 - 0.759]	[-1.642 - 0.769]	[-1.614 - 0.818]	[-1.927 - 0.450]	[-1.973 - 0.482]	[-2.001 - 0.488]	[-2.005 - 0.445]	[-2.016 - 0.451]	[-1.974 - 0.440]	[-1.991 - 0.486]	[-1.777 - 0.575]	[-1.777 - 0.596]	[-1.711 - 0.600]	[-1.806 - 0.576]	[-1.796 - 0.542]	[-1.776 - 0.596]	[-1.770 - 0.557]
	0.472	0.491	0.492	0.460	0.468	0.478	0.521	0.223	0.234	0.233	0.212	0.214	0.213	0.234	0.317	0.329	0.346	0.312	0.293	0.329	0.307
5.income	0.106	0.087	0.092	0.103	0.122	0.095	0.149	-0.490	-0.532	-0.514	-0.513	-0.491	-0.517	-0.468	-0.450	-0.505	-0.510	-0.485	-0.534	-0.490	-0.532
	(0.605)	(0.613)	(0.618)	(0.619)	(0.626)	(0.619)	(0.631)	(0.619)	(0.629)	(0.639)	(0.633)	(0.645)	(0.614)	(0.632)	(0.562)	(0.568)	(0.552)	(0.568)	(0.559)	(0.567)	(0.556)
	[-1.081 - 1.293]	[-1.114 - 1.288]	[-1.118 - 1.303]	[-1.111 - 1.316]	[-1.104 - 1.348]	[-1.118 - 1.308]	[-1.088 - 1.386]	[-1.703 - 0.724]	[-1.765 - 0.702]	[-1.766 - 0.739]	[-1.755 - 0.728]	[-1.756 - 0.774]	[-1.721 - 0.686]	[-1.707 - 0.771]	[-1.551 - 0.650]	[-1.618 - 0.608]	[-1.591 - 0.571]	[-1.599 - 0.629]	[-1.630 - 0.562]	[-1.602 - 0.622]	[-1.623 - 0.558]
	0.861	0.887	0.881	0.868	0.845	0.878	0.813	0.429	0.398	0.422	0.418	0.447	0.399	0.459	0.422	0.374	0.355	0.394	0.339	0.388	0.339
6.income	-0.358	-0.343	-0.326	-0.378	-0.337	-0.360	-0.267	-0.315	-0.315	-0.351	-0.374	-0.379	-0.342	-0.280	-0.835	-0.837	-0.803	-0.868	-0.885	-0.841	-0.890
	(0.591)	(0.598)	(0.598)	(0.603)	(0.603)	(0.603)	(0.613)	(0.583)	(0.599)	(0.614)	(0.600)	(0.608)	(0.590)	(0.616)	(0.571)	(0.581)	(0.565)	(0.580)	(0.568)	(0.580)	(0.574)
	[-1.516 - 0.801]	[-1.515 - 0.830]	[-1.498 - 0.845]	[-1.560 - 0.804]	[-1.519 - 0.845]	[-1.542 - 0.823]	[-1.468 - 0.935]	[-1.457 - 0.827]	[-1.488 - 0.859]	[-1.554 - 0.852]	[-1.550 - 0.803]	[-1.571 - 0.813]	[-1.497 - 0.814]	[-1.487 - 0.927]	[-1.954 - 0.284]	[-1.977 - 0.302]	[-1.910 - 0.304]	[-2.005 - 0.268]	[-1.998 - 0.228]	[-1.977 - 0.296]	[-2.015 - 0.234]
	0.545	0.566	0.585	0.531	0.577	0.551	0.663	0.589	0.599	0.567	0.534	0.533	0.562	0.649	0.143	0.150	0.155	0.134	0.119	0.147	0.121
7.income	-0.262	-0.271	-0.249	-0.269	-0.235	-0.261	-0.191	-0.143	-0.199	-0.217	-0.198	-0.209	-0.191	-0.172	-0.372	-0.413	-0.401	-0.419	-0.459	-0.410	-0.455
	(0.592)	(0.602)	(0.601)	(0.606)	(0.607)	(0.607)	(0.614)	(0.587)	(0.596)	(0.603)	(0.599)	(0.603)	(0.586)	(0.598)	(0.579)	(0.589)	(0.575)	(0.586)	(0.578)	(0.586)	(0.580)
	[-1.423 - 0.899]	[-1.451 - 0.909]	[-1.427 - 0.930]	[-1.457 - 0.919]	[-1.425 - 0.955]	[-1.451 - 0.929]	[-1.395 - 1.013]	[-1.293 - 1.008]	[-1.368 - 0.970]	[-1.398 - 0.965]	[-1.372 - 0.976]	[-1.390 - 0.972]	[-1.338 - 0.957]	[-1.343 - 1.000]	[-1.507 - 0.764]	[-1.567 - 0.740]	[-1.528 - 0.727]	[-1.567 - 0.730]	[-1.593 - 0.675]	[-1.560 - 0.739]	[-1.593 - 0.682]
	0.658	0.653	0.679	0.657	0.698	0.668	0.756	0.808	0.739	0.719	0.741	0.729	0.745	0.774	0.521	0.482	0.486	0.475	0.427	0.484	0.433
8.income	-0.289	-0.360	-0.353	-0.378	-0.341	-0.376	-0.302	-0.241	-0.347	-0.374	-0.365	-0.345	-0.378	-0.321	-0.803	-0.767	-0.740	-0.791	-0.839	-0.778	-0.828
	(0.622)	(0.626)	(0.623)	(0.633)	(0.628)	(0.635)	(0.639)	(0.578)	(0.600)	(0.616)	(0.603)	(0.614)	(0.592)	(0.614)	(0.602)	(0.618)	(0.602)	(0.616)	(0.600)	(0.614)	(0.603)
	[-1.509 - 0.931]	[-1.588 - 0.868]	[-1.574 - 0.868]	[-1.618 - 0.863]	[-1.572 - 0.890]	[-1.620 - 0.868]	[-1.555 - 0.951]	[-1.375 - 0.892]	[-1.524 - 0.830]	[-1.581 - 0.833]	[-1.547 - 0.817]	[-1.548 - 0.858]	[-1.538 - 0.783]	[-1.525 - 0.884]	[-1.983 - 0.377]	[-1.978 - 0.444]	[-1.921 - 0.440]	[-1.998 - 0.416]	[-2.015 - 0.337]	[-1.981 - 0.425]	[-2.010 - 0.355]
	0.642	0.565	0.571	0.551	0.587	0.554	0.636	0.676	0.563	0.544	0.545	0.574	0.523	0.602	0.182	0.215	0.219	0.199	0.162	0.205	0.170
9.income	-0.285	-0.277	-0.288	-0.284	-0.286	-0.286	-0.230	-0.586	-0.603	-0.618	-0.621	-0.619	-0.653	-0.619	-1.188	-1.209	-1.173	-1.212	-1.247	-1.214	-1.251
	(0.592)	(0.601)	(0.599)	(0.606)	(0.604)	(0.607)	(0.613)	(0.562)	(0.583)	(0.594)	(0.589)	(0.600)	(0.576)	(0.599)	(0.552)	(0.564)	(0.548)	(0.564)	(0.555)	(0.562)	(0.556)
	[-1.445 - 0.875]	[-1.454 - 0.900]	[-1.463 - 0.887]	[-1.471 - 0.902]	[-1.470 - 0.897]	[-1.475 - 0.903]	[-1.431 - 0.971]	[-1.688 - 0.515]	[-1.746 - 0.541]	[-1.784 - 0.547]	[-1.776 - 0.533]	[-1.796 - 0.558]	[-1.783 - 0.476]	[-1.793 - 0.555]	[-2.269 - -0.106]	[-2.314 - -0.103]	[-2.247 - -0.099]	[-2.316 - -0.107]	[-2.334 - -0.159]	[-2.316 - -0.112]	[-2.341 - -0.161]
	0.630	0.645	0.631	0.639	0.635	0.637	0.707	0.297	0.302	0.298	0.292	0.303	0.257	0.301	0.031	0.032	0.032	0.032	0.025	0.031	0.025
10.income	-0.017	0.028	0.031	0.012	0.027	0.021	0.078	0.123	0.171	0.159	0.130	0.138	0.144	0.201	-0.587	-0.578	-0.550	-0.594	-0.626	-0.577	-0.610
	(0.593)	(0.601)	(0.601)	(0.607)	(0.608)	(0.608)	(0.613)	(0.551)	(0.562)	(0.574)	(0.567)	(0.574)	(0.551)	(0.566)	(0.547)	(0.560)	(0.545)	(0.559)	(0.549)	(0.558)	(0.550)
	[-1.180 - 1.145]	[-1.149 - 1.205]	[-1.146 - 1.209]	[-1.177 - 1.201]	[-1.164 - 1.219]	[-1.170 - 1.212]	[-1.124 - 1.280]	[-0.957 - 1.202]	[-0.930 - 1.272]	[-0.966 - 1.285]	[-0.981 - 1.241]	[-0.987 - 1.263]	[-0.936 - 1.225]	[-0.909 - 1.310]	[-1.660 - 0.486]	[-1.676 - 0.520]	[-1.618 - 0.518]	[-1.689 - 0.502]	[-1.701 - 0.449]	[-1.671 - 0.518]	[-1.687 - 0.467]
	0.977	0.963	0.959	0.984	0.964	0.972	0.899	0.824	0.761	0.782	0.819	0.810	0.794	0.723	0.283	0.302	0.313	0.288	0.254	0.302	0.267
11.income	-0.290	-0.279	-0.261	-0.275	-0.244	-0.277	-0.198	-0.683	-0.700	-0.705	-0.692	-0.681	-0.703	-0.647	-0.572	-0.566	-0.568	-0.561	-0.617	-0.566	-0.626
	(0.582)	(0.591)	(0.591)	(0.596)	(0.597)	(0.596)	(0.605)	(0.556)	(0.573)	(0.583)	(0.573)	(0.581)	(0.558)	(0.575)	(0.566)	(0.577)	(0.562)	(0.576)	(0.566)	(0.575)	(0.568)
	[-1.431 - 0.851]	[-1.438 - 0.879]	[-1.419 - 0.898]	[-1.442 - 0.893]	[-1.415 - 0.927]	[-1.446 - 0.892]	[-1.384 - 0.987]	[-1.773 - 0.408]	[-1.822 - 0.422]	[-1.848 - 0.437]	[-1.816 - 0.431]	[-1.820 - 0.457]	[-1.796 - 0.391]	[-1.774 - 0.480]	[-1.681 - 0.538]	[-1.698 - 0.565]	[-1.671 - 0.534]	[-1.689 - 0.568]	[-1.727 - 0.493]	[-1.694 - 0.562]	[-1.739 - 0.486]
	0.618	0.637	0.659	0.645	0.683	0.642	0.743	0.220	0.222	0.226	0.227	0.241	0.208	0.261	0.312	0.327	0.312	0.330	0.276	0.325	0.270
12.income	-0.201	-0.181	-0.182	-0.184	-0.188	-0.202	-0.168	-0.129	-0.118	-0.135	-0.128	-0.144	-0.181	-0.163	-0.716	-0.709	-0.685	-0.714	-0.718	-0.723	-0.735
	(0.626)	(0.632)	(0.632)	(0.638)	(0.638)	(0.639)	(0.643)	(0.622)	(0.636)	(0.649)	(0.637)	(0.646)	(0.622)	(0.634)	(0.598)	(0.610)	(0.594)	(0.608)	(0.597)	(0.607)	(0.597)
	[-1.427 - 1.025]	[-1.420 - 1.059]	[-1.420 - 1.057]	[-1.434 - 1.066]	[-1.438 - 1.063]	[-1.453 - 1.050]	[-1.428 - 1.093]	[-1.349 - 1.090]	[-1.364 - 1.128]	[-1.407 - 1.136]	[-1.376 - 1.120]	[-1.411 - 1.123]	[-1.400 - 1.038]	[-1.405 - 1.080]	[-1.887 - 0.456]	[-1.903 - 0.486]	[-1.849 - 0.479]	[-1.905 - 0.477]	[-1.888 - 0.453]	[-1.913 - 0.467]	[-1.906 - 0.435]
	0.748	0.775	0.774	0.773	0.769	0.752	0.794	0.835	0.853	0.835	0.841	0.824	0.771	0.798	0.231	0.245	0.249	0.240	0.230	0.234	0.218
13.income	0.258	0.296	0.317	0.281	0.309	0.286	0.356	0.026	0.066	0.046	0.056	0.036	0.044	0.066	-0.435	-0.392	-0.366	-0.400	-0.426	-0.404	-0.443
	(0.588)	(0.595)	(0.596)	(0.600)	(0.603)	(0.601)	(0.611)	(0.547)	(0.561)	(0.571)	(0.564)	(0.571)	(0.547)	(0.565)	(0.561)	(0.572)	(0.557)	(0.571)	(0.559)	(0.569)	(0.560)
	[-0.894 - 1.410]	[-0.869 - 1.461]	[-0.850 - 1.484]	[-0.895 - 1.457]	[-0.872 - 1.490]	[-0.892 - 1.463]	[-0.842 - 1.554]	[-1.045 - 1.098]	[-1.034 - 1.166]	[-1.073 - 1.166]	[-1.050 - 1.162]	[-1.084 - 1.155]	[-1.028 - 1.117]	[-1.042 - 1.174]	[-1.535 - 0.664]	[-1.513 - 0.728]	[-1.456 - 0.725]	[-1.520 - 0.719]	[-1.522 - 0.670]	[-1.520 - 0.712]	[-1.541 - 0.654]
	0.661	0.619	0.595	0.639	0.608	0.634	0.560	0.962	0.907	0.935	0.921	0.950	0.935	0.907	0.438	0.492	0.511	0.483	0.446	0.478	0.429
14.income	-0.103	-0.056	-0.070	-0.070	-0.069	-0.058	-0.018	-0.263	-0.258	-0.256	-0.283	-0.265	-0.279	-0.239	-0.753	-0.708	-0.684	-0.724	-0.760	-0.707	-0.737
	(0.588)	(0.595)	(0.596)	(0.601)	(0.603)	(0.602)	(0.611)	(0.553)	(0.569)	(0.582)	(0.570)	(0.579)	(0.556)	(0.574)	(0.573)	(0.583)	(0.569)	(0.582)	(0.573)	(0.582)	(0.573)
	[-1.256 - 1.049]	[-1.223 - 1.111]	[-1.239 - 1.099]	[-1.248 - 1.108]	[-1.251 - 1.113]	[-1.238 - 1.122]	[-1.215 - 1.178]	[-1.347 - 0.821]	[-1.373 - 0.857]	[-1.395 - 0.884]	[-1.401 - 0.834]	[-1.399 - 0.869]	[-1.370 - 0.811]	[-1.364 - 0.886]	[-1.877 - 0.370]	[-1.852 - 0.435]	[-1.800 - 0.431]	[-1.865 - 0.417]	[-1.883 - 0.363]	[-1.848 - 0.433]	[-1.860 - 0.386]
	0.860	0.925	0.907	0.907	0.909	0.924	0.976	0.634	0.651	0.660	0.619	0.647	0.616	0.677	0.189	0.225	0.229	0.214	0.185	0.224	0.198
15.income	-0.360	-0.317	-0.316	-0.346	-0.329	-0.331	-0.276	-0.487	-0.443	-0.437	-0.491	-0.460	-0.482	-0.431	-0.833	-0.788	-0.777	-0.813	-0.839	-0.802	-0.840
	(0.615)	(0.624)	(0.626)	(0.628)	(0.631)	(0.628)	(0.638)	(0.581)	(0.597)	(0.607)	(0.600)	(0.608)	(0.589)	(0.606)	(0.581)	(0.596)	(0.583)	(0.594)	(0.586)	(0.593)	(0.586)
	[-1.566 - 0.845]	[-1.540 - 0.906]	[-1.543 - 0.911]	[-1.578 - 0.885]	[-1.565 - 0.907]	[-1.563 - 0.901]	[-1.527 - 0.975]	[-1.626 - 0.653]	[-1.612 - 0.727]	[-1.626 - 0.751]	[-1.667 - 0.684]	[-1.652 - 0.733]	[-1.636 - 0.672]	[-1.619 - 0.757]	[-1.971 - 0.306]	[-1.956 - 0.380]	[-1.920 - 0.366]	[-1.977 - 0.352]	[-1.987 - 0.309]	[-1.965 - 0.360]	[-1.988 - 0.308]
	0.558	0.612	0.613	0.581	0.602	0.598	0.666	0.403	0.458	0.471	0.413	0.450	0.413	0.477	0.152	0.186	0.183	0.172	0.152	0.176	0.152
16.income	-0.220	-0.177	-0.169	-0.179	-0.156	-0.174	-0.113	-0.458	-0.427	-0.425	-0.411	-0.399	-0.409	-0.359	-0.708	-0.643	-0.618	-0.647	-0.683	-0.648	-0.687
	(0.635)	(0.641)	(0.642)	(0.647)	(0.650)	(0.647)	(0.657)	(0.614)	(0.622)	(0.633)	(0.625)	(0.632)	(0.612)	(0.628)	(0.628)	(0.636)	(0.626)	(0.634)	(0.627)	(0.634)	(0.629)
	[-1.465 - 1.026]	[-1.432 - 1.079]	[-1.428 - 1.090]	[-1.447 - 1.089]	[-1.430 - 1.117]	[-1.441 - 1.093]	[-1.402 - 1.175]	[-1.661 - 0.745]	[-1.645 - 0.792]	[-1.665 - 0.815]	[-1.636 - 0.815]	[-1.638 - 0.839]	[-1.608 - 0.790]	[-1.590 - 0.873]	[-1.939 - 0.522]	[-1.890 - 0.603]	[-1.844 - 0.609]	[-1.890 - 0.596]	[-1.911 - 0.545]	[-1.891 - 0.595]	[-1.919 - 0.545]
	0.730	0.783	0.792	0.782	0.810	0.788	0.863	0.455	0.493	0.502	0.511	0.527	0.504	0.568	0.259	0.312	0.324	0.308	0.276	0.307	0.275
17.income	0.954	0.980	1.007	0.964	1.001	0.976	1.086	0.886	0.914	0.919	0.911	0.938	0.898	0.972	-0.744	-0.747	-0.751	-0.747	-0.792	-0.738	-0.813
	(0.700)	(0.704)	(0.702)	(0.714)	(0.718)	(0.710)	(0.711)	(0.692)	(0.694)	(0.710)	(0.708)	(0.728)	(0.689)	(0.721)	(0.712)	(0.706)	(0.694)	(0.713)	(0.701)	(0.704)	(0.700)
	[-0.419 - 2.326]	[-0.399 - 2.359]	[-0.369 - 2.383]	[-0.435 - 2.363]	[-0.407 - 2.408]	[-0.416 - 2.368]	[-0.308 - 2.480]	[-0.471 - 2.243]	[-0.446 - 2.275]	[-0.472 - 2.311]	[-0.477 - 2.299]	[-0.489 - 2.366]	[-0.453 - 2.248]	[-0.440 - 2.384]	[-2.139 - 0.652]	[-2.131 - 0.637]	[-2.111 - 0.610]	[-2.144 - 0.650]	[-2.167 - 0.582]	[-2.117 - 0.642]	[-2.186 - 0.560]
	0.173	0.164	0.151	0.177	0.164	0.169	0.127	0.201	0.188	0.195	0.198	0.198	0.193	0.177	0.297	0.290	0.279	0.294	0.259	0.295	0.246
18.income	0.167	0.263	0.264	0.258	0.274	0.250	0.299	-0.194	-0.212	-0.231	-0.210	-0.222	-0.251	-0.229	-0.045	-0.019	-0.001	-0.021	-0.043	-0.045	-0.074
	(0.636)	(0.646)	(0.644)	(0.652)	(0.650)	(0.654)	(0.660)	(0.612)	(0.629)	(0.640)	(0.634)	(0.643)	(0.623)	(0.642)	(0.639)	(0.660)	(0.647)	(0.658)	(0.650)	(0.657)	(0.653)
	[-1.079 - 1.414]	[-1.004 - 1.529]	[-0.998 - 1.527]	[-1.020 - 1.536]	[-1.001 - 1.549]	[-1.032 - 1.531]	[-0.994 - 1.592]	[-1.394 - 1.005]	[-1.445 - 1.020]	[-1.486 - 1.024]	[-1.452 - 1.032]	[-1.482 - 1.038]	[-1.471 - 0.970]	[-1.486 - 1.029]	[-1.298 - 1.208]	[-1.311 - 1.274]	[-1.269 - 1.268]	[-1.310 - 1.267]	[-1.317 - 1.232]	[-1.332 - 1.242]	[-1.354 - 1.207]
	0.793	0.685	0.682	0.692	0.674	0.702	0.651	0.751	0.736	0.718	0.741	0.730	0.687	0.722	0.944	0.978	0.999	0.974	0.948	0.946	0.910
2.housing	0.322	0.310	0.297	0.301	0.292	0.312	0.297	0.314	0.298	0.310	0.281	0.291	0.296	0.306	-0.060	-0.085	-0.087	-0.090	-0.101	-0.083	-0.079
	(0.198)	(0.199)	(0.199)	(0.200)	(0.200)	(0.199)	(0.199)	(0.219)	(0.219)	(0.218)	(0.220)	(0.219)	(0.223)	(0.221)	(0.197)	(0.197)	(0.197)	(0.197)	(0.197)	(0.198)	(0.198)
	[-0.066 - 0.710]	[-0.080 - 0.700]	[-0.092 - 0.686]	[-0.092 - 0.693]	[-0.100 - 0.684]	[-0.079 - 0.703]	[-0.093 - 0.686]	[-0.116 - 0.744]	[-0.131 - 0.727]	[-0.118 - 0.738]	[-0.150 - 0.712]	[-0.137 - 0.720]	[-0.141 - 0.732]	[-0.126 - 0.739]	[-0.446 - 0.325]	[-0.472 - 0.301]	[-0.474 - 0.300]	[-0.476 - 0.297]	[-0.487 - 0.286]	[-0.470 - 0.305]	[-0.466 - 0.309]
	0.104	0.119	0.135	0.133	0.144	0.118	0.136	0.153	0.173	0.156	0.201	0.182	0.184	0.165	0.759	0.666	0.660	0.649	0.610	0.676	0.691
3.housing	-0.081	-0.048	-0.057	-0.081	-0.074	-0.076	-0.104	-0.152	-0.041	-0.011	-0.079	-0.043	-0.093	-0.036	0.702	0.800	0.767	0.764	0.747	0.755	0.763
	(0.556)	(0.554)	(0.560)	(0.547)	(0.545)	(0.541)	(0.537)	(0.605)	(0.584)	(0.571)	(0.563)	(0.545)	(0.558)	(0.543)	(0.460)	(0.462)	(0.462)	(0.464)	(0.471)	(0.458)	(0.462)
	[-1.171 - 1.008]	[-1.134 - 1.039]	[-1.155 - 1.041]	[-1.152 - 0.990]	[-1.141 - 0.994]	[-1.135 - 0.984]	[-1.156 - 0.948]	[-1.338 - 1.034]	[-1.185 - 1.104]	[-1.129 - 1.107]	[-1.182 - 1.024]	[-1.112 - 1.026]	[-1.187 - 1.000]	[-1.099 - 1.028]	[-0.199 - 1.603]	[-0.106 - 1.705]	[-0.138 - 1.672]	[-0.145 - 1.674]	[-0.176 - 1.670]	[-0.143 - 1.652]	[-0.143 - 1.669]
	0.884	0.932	0.919	0.882	0.892	0.889	0.846	0.801	0.944	0.985	0.888	0.937	0.867	0.948	0.127	0.083	0.097	0.100	0.113	0.100	0.099
2.home_type	-0.490	-0.471	-0.461	-0.476	-0.467	-0.478	-0.457	-0.317	-0.261	-0.286	-0.271	-0.293	-0.275	-0.267	-0.286	-0.255	-0.234	-0.262	-0.220	-0.261	-0.255
	(0.236)	(0.237)	(0.236)	(0.236)	(0.236)	(0.237)	(0.240)	(0.273)	(0.274)	(0.276)	(0.271)	(0.276)	(0.269)	(0.272)	(0.239)	(0.239)	(0.237)	(0.238)	(0.238)	(0.239)	(0.237)
	[-0.951 - -0.028]	[-0.935 - -0.007]	[-0.924 - 0.002]	[-0.938 - -0.013]	[-0.929 - -0.005]	[-0.941 - -0.014]	[-0.927 - 0.014]	[-0.851 - 0.217]	[-0.798 - 0.276]	[-0.827 - 0.254]	[-0.802 - 0.260]	[-0.835 - 0.248]	[-0.803 - 0.252]	[-0.800 - 0.267]	[-0.753 - 0.182]	[-0.723 - 0.213]	[-0.698 - 0.229]	[-0.728 - 0.205]	[-0.686 - 0.245]	[-0.730 - 0.207]	[-0.721 - 0.210]
	0.038	0.047	0.051	0.044	0.048	0.044	0.057	0.245	0.341	0.298	0.317	0.289	0.306	0.327	0.231	0.286	0.322	0.272	0.354	0.274	0.282
3.home_type	-0.488	-0.488	-0.480	-0.490	-0.480	-0.508	-0.483	-0.575	-0.560	-0.568	-0.562	-0.564	-0.607	-0.596	0.069	0.064	0.074	0.067	0.085	0.045	0.038
	(0.226)	(0.227)	(0.226)	(0.227)	(0.225)	(0.228)	(0.225)	(0.247)	(0.249)	(0.248)	(0.249)	(0.246)	(0.252)	(0.249)	(0.215)	(0.217)	(0.217)	(0.216)	(0.215)	(0.217)	(0.216)
	[-0.930 - -0.046]	[-0.934 - -0.042]	[-0.923 - -0.037]	[-0.935 - -0.045]	[-0.921 - -0.039]	[-0.954 - -0.062]	[-0.925 - -0.042]	[-1.059 - -0.092]	[-1.049 - -0.071]	[-1.054 - -0.082]	[-1.050 - -0.074]	[-1.047 - -0.081]	[-1.102 - -0.113]	[-1.084 - -0.109]	[-0.353 - 0.491]	[-0.361 - 0.489]	[-0.352 - 0.499]	[-0.355 - 0.490]	[-0.336 - 0.505]	[-0.379 - 0.469]	[-0.386 - 0.462]
	0.031	0.032	0.034	0.031	0.033	0.026	0.032	0.020	0.025	0.022	0.024	0.022	0.016	0.017	0.750	0.767	0.734	0.755	0.693	0.835	0.859
4.home_type	0.813	0.831	0.852	0.850	0.878	0.840	0.873	0.422	0.463	0.431	0.497	0.493	0.483	0.478	0.167	0.178	0.187	0.197	0.200	0.175	0.162
	(0.356)	(0.354)	(0.353)	(0.356)	(0.354)	(0.356)	(0.356)	(0.379)	(0.371)	(0.372)	(0.372)	(0.373)	(0.377)	(0.378)	(0.344)	(0.342)	(0.344)	(0.342)	(0.348)	(0.342)	(0.347)
	[0.114 - 1.511]	[0.136 - 1.526]	[0.160 - 1.543]	[0.153 - 1.547]	[0.184 - 1.572]	[0.143 - 1.537]	[0.176 - 1.570]	[-0.320 - 1.164]	[-0.263 - 1.190]	[-0.297 - 1.159]	[-0.233 - 1.227]	[-0.239 - 1.225]	[-0.256 - 1.222]	[-0.262 - 1.218]	[-0.506 - 0.841]	[-0.492 - 0.848]	[-0.488 - 0.862]	[-0.474 - 0.867]	[-0.481 - 0.881]	[-0.496 - 0.846]	[-0.518 - 0.842]
	0.023	0.019	0.016	0.017	0.013	0.018	0.014	0.265	0.212	0.246	0.182	0.187	0.200	0.206	0.626	0.602	0.587	0.565	0.564	0.609	0.641
5.home_type	-1.237	-1.284	-1.244	-1.299	-1.313	-1.274	-1.213	-1.421	-1.371	-1.303	-1.514	-1.516	-1.349	-1.299	0.723	0.643	0.523	0.630	0.503	0.663	0.564
	(1.089)	(1.069)	(1.071)	(1.095)	(1.105)	(1.087)	(1.085)	(0.959)	(1.000)	(1.003)	(0.963)	(0.971)	(1.024)	(1.052)	(1.176)	(1.141)	(1.169)	(1.159)	(1.148)	(1.120)	(1.147)
	[-3.371 - 0.898]	[-3.380 - 0.811]	[-3.342 - 0.855]	[-3.446 - 0.848]	[-3.480 - 0.853]	[-3.405 - 0.856]	[-3.339 - 0.913]	[-3.301 - 0.460]	[-3.331 - 0.589]	[-3.269 - 0.664]	[-3.400 - 0.373]	[-3.419 - 0.387]	[-3.356 - 0.659]	[-3.360 - 0.762]	[-1.582 - 3.029]	[-1.592 - 2.879]	[-1.769 - 2.814]	[-1.641 - 2.902]	[-1.747 - 2.753]	[-1.533 - 2.859]	[-1.684 - 2.812]
	0.256	0.230	0.245	0.236	0.235	0.241	0.264	0.139	0.171	0.194	0.116	0.118	0.188	0.217	0.539	0.573	0.655	0.587	0.661	0.554	0.623
1.internet	0.069	0.046	0.054	0.049	0.061	0.059	0.068	-0.113	-0.162	-0.164	-0.154	-0.153	-0.141	-0.133	0.145	0.130	0.125	0.135	0.121	0.133	0.127
	(0.240)	(0.241)	(0.240)	(0.242)	(0.241)	(0.242)	(0.242)	(0.274)	(0.277)	(0.277)	(0.275)	(0.274)	(0.281)	(0.278)	(0.239)	(0.239)	(0.237)	(0.239)	(0.236)	(0.239)	(0.237)
	[-0.401 - 0.538]	[-0.426 - 0.518]	[-0.417 - 0.524]	[-0.425 - 0.523]	[-0.412 - 0.534]	[-0.416 - 0.533]	[-0.405 - 0.542]	[-0.650 - 0.423]	[-0.706 - 0.381]	[-0.706 - 0.378]	[-0.694 - 0.386]	[-0.690 - 0.385]	[-0.692 - 0.410]	[-0.678 - 0.412]	[-0.324 - 0.614]	[-0.338 - 0.598]	[-0.340 - 0.589]	[-0.334 - 0.604]	[-0.341 - 0.584]	[-0.335 - 0.601]	[-0.338 - 0.593]
	0.774	0.849	0.823	0.839	0.800	0.808	0.777	0.679	0.559	0.554	0.575	0.577	0.617	0.633	0.544	0.587	0.599	0.572	0.607	0.578	0.592
2.phoneservice	-0.263	-0.279	-0.295	-0.279	-0.324	-0.286	-0.332	-0.637	-0.649	-0.648	-0.651	-0.684	-0.683	-0.759	0.379	0.388	0.395	0.392	0.397	0.379	0.405
	(0.353)	(0.360)	(0.358)	(0.359)	(0.355)	(0.361)	(0.357)	(0.366)	(0.369)	(0.368)	(0.371)	(0.368)	(0.375)	(0.369)	(0.330)	(0.344)	(0.339)	(0.339)	(0.334)	(0.338)	(0.337)
	[-0.956 - 0.429]	[-0.985 - 0.427]	[-0.997 - 0.406]	[-0.982 - 0.425]	[-1.020 - 0.372]	[-0.993 - 0.421]	[-1.032 - 0.367]	[-1.354 - 0.079]	[-1.372 - 0.073]	[-1.369 - 0.073]	[-1.378 - 0.077]	[-1.404 - 0.037]	[-1.419 - 0.053]	[-1.482 - -0.036]	[-0.267 - 1.025]	[-0.286 - 1.062]	[-0.270 - 1.060]	[-0.272 - 1.056]	[-0.259 - 1.052]	[-0.284 - 1.042]	[-0.255 - 1.065]
	0.456	0.438	0.409	0.438	0.362	0.428	0.352	0.081	0.078	0.078	0.080	0.063	0.069	0.040	0.250	0.259	0.245	0.247	0.235	0.262	0.229
3.phoneservice	-0.053	-0.068	-0.091	-0.068	-0.113	-0.076	-0.131	-0.453	-0.460	-0.464	-0.446	-0.477	-0.495	-0.581	0.191	0.175	0.196	0.184	0.190	0.162	0.197
	(0.370)	(0.377)	(0.375)	(0.376)	(0.371)	(0.377)	(0.374)	(0.394)	(0.398)	(0.397)	(0.398)	(0.395)	(0.403)	(0.401)	(0.352)	(0.366)	(0.361)	(0.360)	(0.356)	(0.360)	(0.359)
	[-0.779 - 0.673]	[-0.807 - 0.670]	[-0.826 - 0.643]	[-0.804 - 0.668]	[-0.841 - 0.614]	[-0.814 - 0.663]	[-0.864 - 0.602]	[-1.226 - 0.319]	[-1.240 - 0.320]	[-1.242 - 0.314]	[-1.227 - 0.334]	[-1.251 - 0.298]	[-1.285 - 0.296]	[-1.368 - 0.206]	[-0.499 - 0.881]	[-0.541 - 0.892]	[-0.512 - 0.904]	[-0.522 - 0.890]	[-0.507 - 0.887]	[-0.544 - 0.867]	[-0.506 - 0.900]
	0.886	0.856	0.808	0.857	0.760	0.841	0.726	0.250	0.248	0.242	0.262	0.228	0.220	0.148	0.587	0.632	0.588	0.609	0.592	0.654	0.583
4.phoneservice	-0.239	-0.228	-0.242	-0.230	-0.274	-0.222	-0.268	-0.566	-0.557	-0.549	-0.564	-0.602	-0.569	-0.650	0.494	0.504	0.509	0.502	0.508	0.500	0.528
	(0.351)	(0.357)	(0.356)	(0.356)	(0.352)	(0.358)	(0.354)	(0.366)	(0.371)	(0.369)	(0.374)	(0.370)	(0.379)	(0.371)	(0.325)	(0.339)	(0.334)	(0.334)	(0.331)	(0.334)	(0.333)
	[-0.927 - 0.448]	[-0.929 - 0.472]	[-0.939 - 0.455]	[-0.929 - 0.468]	[-0.965 - 0.416]	[-0.924 - 0.481]	[-0.963 - 0.427]	[-1.284 - 0.152]	[-1.283 - 0.170]	[-1.273 - 0.174]	[-1.297 - 0.170]	[-1.328 - 0.124]	[-1.311 - 0.173]	[-1.377 - 0.078]	[-0.143 - 1.132]	[-0.161 - 1.169]	[-0.146 - 1.165]	[-0.154 - 1.158]	[-0.140 - 1.156]	[-0.155 - 1.155]	[-0.124 - 1.181]
	0.495	0.523	0.496	0.518	0.436	0.536	0.449	0.122	0.133	0.137	0.132	0.104	0.133	0.080	0.129	0.137	0.127	0.133	0.125	0.134	0.112
5.phoneservice	0.382	0.414	0.411	0.414	0.350	0.412	0.326	-1.707	-1.629	-1.671	-1.629	-1.747	-1.726	-1.914	-0.115	-0.041	0.000	-0.023	-0.008	-0.108	-0.036
	(0.848)	(0.859)	(0.821)	(0.858)	(0.819)	(0.861)	(0.812)	(0.822)	(0.833)	(0.827)	(0.823)	(0.817)	(0.821)	(0.808)	(0.888)	(0.869)	(0.891)	(0.872)	(0.903)	(0.870)	(0.909)
	[-1.280 - 2.044]	[-1.269 - 2.097]	[-1.198 - 2.019]	[-1.267 - 2.094]	[-1.255 - 1.954]	[-1.276 - 2.099]	[-1.266 - 1.917]	[-3.319 - -0.095]	[-3.262 - 0.004]	[-3.292 - -0.049]	[-3.242 - -0.016]	[-3.348 - -0.147]	[-3.336 - -0.116]	[-3.498 - -0.331]	[-1.855 - 1.625]	[-1.745 - 1.662]	[-1.746 - 1.746]	[-1.732 - 1.686]	[-1.778 - 1.763]	[-1.814 - 1.598]	[-1.818 - 1.746]
	0.652	0.630	0.617	0.630	0.669	0.632	0.688	0.038	0.051	0.043	0.048	0.032	0.036	0.018	0.897	0.962	1.000	0.979	0.993	0.901	0.968
52.device	-0.547	-0.542	-0.529	-0.547	-0.534	-0.556	-0.529	-0.203	-0.195	-0.215	-0.206	-0.218	-0.232	-0.238	-0.564	-0.564	-0.557	-0.567	-0.560	-0.580	-0.595
	(0.153)	(0.155)	(0.153)	(0.154)	(0.153)	(0.155)	(0.154)	(0.169)	(0.172)	(0.171)	(0.171)	(0.171)	(0.171)	(0.171)	(0.153)	(0.155)	(0.154)	(0.155)	(0.155)	(0.155)	(0.156)
	[-0.847 - -0.247]	[-0.845 - -0.239]	[-0.829 - -0.229]	[-0.849 - -0.244]	[-0.834 - -0.233]	[-0.860 - -0.252]	[-0.831 - -0.227]	[-0.534 - 0.128]	[-0.532 - 0.142]	[-0.550 - 0.120]	[-0.542 - 0.130]	[-0.553 - 0.117]	[-0.568 - 0.104]	[-0.572 - 0.096]	[-0.863 - -0.264]	[-0.866 - -0.261]	[-0.860 - -0.254]	[-0.870 - -0.264]	[-0.863 - -0.256]	[-0.884 - -0.277]	[-0.900 - -0.290]
	0.000	0.000	0.001	0.000	0.000	0.000	0.001	0.229	0.257	0.207	0.229	0.203	0.176	0.163	0.000	0.000	0.000	0.000	0.000	0.000	0.000
53.device	-0.088	-0.087	-0.081	-0.079	-0.079	-0.085	-0.080	0.249	0.265	0.262	0.274	0.259	0.263	0.241	0.164	0.163	0.163	0.168	0.152	0.144	0.140
	(0.275)	(0.277)	(0.277)	(0.277)	(0.277)	(0.276)	(0.279)	(0.300)	(0.299)	(0.295)	(0.302)	(0.297)	(0.297)	(0.290)	(0.275)	(0.278)	(0.275)	(0.277)	(0.274)	(0.276)	(0.276)
	[-0.628 - 0.451]	[-0.629 - 0.455]	[-0.623 - 0.461]	[-0.621 - 0.463]	[-0.621 - 0.462]	[-0.627 - 0.456]	[-0.625 - 0.466]	[-0.339 - 0.838]	[-0.320 - 0.850]	[-0.316 - 0.841]	[-0.319 - 0.866]	[-0.323 - 0.842]	[-0.320 - 0.846]	[-0.328 - 0.809]	[-0.375 - 0.703]	[-0.382 - 0.708]	[-0.376 - 0.703]	[-0.374 - 0.710]	[-0.385 - 0.688]	[-0.396 - 0.684]	[-0.401 - 0.682]
	0.748	0.753	0.769	0.775	0.774	0.757	0.775	0.406	0.374	0.374	0.365	0.383	0.376	0.406	0.552	0.558	0.553	0.544	0.580	0.601	0.612
2.durint	-1.305	-1.419	-1.349	-1.374	-1.311	-1.391	-1.273	-1.276	-1.514	-1.548	-1.456	-1.513	-1.460	-1.456	0.955	0.747	0.726	0.811	0.753	0.787	0.698
	(0.772)	(0.744)	(0.743)	(0.760)	(0.755)	(0.756)	(0.755)	(0.801)	(0.764)	(0.747)	(0.751)	(0.731)	(0.754)	(0.733)	(0.670)	(0.689)	(0.677)	(0.703)	(0.693)	(0.699)	(0.694)
	[-2.819 - 0.208]	[-2.877 - 0.039]	[-2.806 - 0.108]	[-2.865 - 0.116]	[-2.791 - 0.168]	[-2.873 - 0.091]	[-2.752 - 0.206]	[-2.846 - 0.294]	[-3.012 - -0.017]	[-3.012 - -0.084]	[-2.927 - 0.016]	[-2.946 - -0.080]	[-2.937 - 0.018]	[-2.893 - -0.019]	[-0.359 - 2.269]	[-0.602 - 2.097]	[-0.601 - 2.053]	[-0.566 - 2.189]	[-0.605 - 2.112]	[-0.584 - 2.158]	[-0.662 - 2.058]
	0.091	0.057	0.070	0.071	0.082	0.066	0.092	0.111	0.047	0.038	0.053	0.038	0.053	0.047	0.154	0.278	0.284	0.248	0.277	0.260	0.314
3.durint	-1.426	-1.527	-1.459	-1.476	-1.405	-1.490	-1.371	-1.175	-1.430	-1.475	-1.365	-1.416	-1.362	-1.367	1.066	0.836	0.824	0.901	0.849	0.884	0.801
	(0.782)	(0.753)	(0.752)	(0.769)	(0.763)	(0.765)	(0.763)	(0.814)	(0.776)	(0.758)	(0.762)	(0.743)	(0.764)	(0.744)	(0.683)	(0.701)	(0.688)	(0.715)	(0.705)	(0.712)	(0.706)
	[-2.958 - 0.107]	[-3.003 - -0.051]	[-2.933 - 0.015]	[-2.984 - 0.031]	[-2.901 - 0.091]	[-2.990 - 0.009]	[-2.866 - 0.124]	[-2.771 - 0.420]	[-2.951 - 0.091]	[-2.961 - 0.011]	[-2.860 - 0.129]	[-2.872 - 0.039]	[-2.860 - 0.136]	[-2.824 - 0.090]	[-0.273 - 2.405]	[-0.538 - 2.209]	[-0.525 - 2.174]	[-0.502 - 2.303]	[-0.533 - 2.231]	[-0.512 - 2.280]	[-0.583 - 2.185]
	0.068	0.043	0.052	0.055	0.066	0.051	0.072	0.149	0.065	0.052	0.073	0.057	0.075	0.066	0.119	0.233	0.231	0.208	0.229	0.215	0.257
4.durint	-1.245	-1.369	-1.244	-1.310	-1.196	-1.325	-1.146	-1.670	-1.960	-1.986	-1.885	-1.941	-1.888	-1.889	0.704	0.448	0.378	0.535	0.408	0.509	0.373
	(0.828)	(0.802)	(0.801)	(0.817)	(0.813)	(0.812)	(0.811)	(0.890)	(0.851)	(0.841)	(0.839)	(0.822)	(0.840)	(0.818)	(0.734)	(0.751)	(0.741)	(0.767)	(0.755)	(0.762)	(0.756)
	[-2.868 - 0.378]	[-2.940 - 0.202]	[-2.813 - 0.326]	[-2.912 - 0.292]	[-2.789 - 0.398]	[-2.916 - 0.266]	[-2.736 - 0.443]	[-3.413 - 0.074]	[-3.627 - -0.292]	[-3.635 - -0.338]	[-3.530 - -0.239]	[-3.552 - -0.331]	[-3.534 - -0.243]	[-3.493 - -0.286]	[-0.735 - 2.144]	[-1.025 - 1.921]	[-1.075 - 1.831]	[-0.968 - 2.037]	[-1.071 - 1.888]	[-0.984 - 2.002]	[-1.109 - 1.855]
	0.133	0.088	0.120	0.109	0.141	0.103	0.158	0.061	0.021	0.018	0.025	0.018	0.024	0.021	0.337	0.551	0.610	0.486	0.588	0.504	0.622
5.durint	-1.590	-1.693	-1.632	-1.635	-1.589	-1.662	-1.560	-1.884	-2.159	-2.209	-2.070	-2.157	-2.090	-2.131	0.861	0.658	0.640	0.731	0.681	0.698	0.618
	(0.807)	(0.782)	(0.782)	(0.798)	(0.791)	(0.794)	(0.791)	(0.859)	(0.832)	(0.812)	(0.825)	(0.800)	(0.825)	(0.802)	(0.710)	(0.728)	(0.717)	(0.740)	(0.728)	(0.737)	(0.730)
	[-3.172 - -0.009]	[-3.226 - -0.159]	[-3.164 - -0.100]	[-3.200 - -0.071]	[-3.140 - -0.038]	[-3.218 - -0.107]	[-3.111 - -0.010]	[-3.568 - -0.200]	[-3.791 - -0.527]	[-3.801 - -0.617]	[-3.687 - -0.453]	[-3.725 - -0.588]	[-3.706 - -0.473]	[-3.702 - -0.559]	[-0.531 - 2.254]	[-0.768 - 2.085]	[-0.765 - 2.044]	[-0.720 - 2.181]	[-0.747 - 2.108]	[-0.746 - 2.143]	[-0.813 - 2.049]
	0.049	0.030	0.037	0.040	0.045	0.036	0.049	0.028	0.009	0.007	0.012	0.007	0.011	0.008	0.225	0.366	0.372	0.323	0.350	0.343	0.398
2.treat	-0.411	-0.389	0.105	-0.413	-0.371	-0.398	-0.263	-0.330	-0.293	-0.513	-0.339	-0.286	-0.314	-0.371	-0.185	-0.178	-0.327	-0.203	-0.468	-0.182	-0.392
	(0.162)	(0.163)	(0.348)	(0.163)	(0.271)	(0.163)	(0.408)	(0.178)	(0.181)	(0.353)	(0.178)	(0.291)	(0.179)	(0.420)	(0.163)	(0.163)	(0.362)	(0.164)	(0.259)	(0.164)	(0.365)
	[-0.729 - -0.093]	[-0.709 - -0.069]	[-0.576 - 0.787]	[-0.733 - -0.093]	[-0.903 - 0.160]	[-0.717 - -0.079]	[-1.064 - 0.537]	[-0.680 - 0.019]	[-0.647 - 0.061]	[-1.204 - 0.178]	[-0.688 - 0.010]	[-0.856 - 0.284]	[-0.665 - 0.037]	[-1.194 - 0.452]	[-0.504 - 0.134]	[-0.498 - 0.142]	[-1.036 - 0.382]	[-0.525 - 0.118]	[-0.976 - 0.041]	[-0.503 - 0.138]	[-1.106 - 0.323]
	0.011	0.017	0.762	0.011	0.171	0.015	0.519	0.064	0.105	0.146	0.057	0.325	0.079	0.377	0.255	0.275	0.366	0.215	0.071	0.265	0.283
3.treat	-0.261	-0.235	-0.123	-0.240	-0.372	-0.237	-0.441	-0.298	-0.250	-0.740	-0.258	-0.413	-0.255	-0.863	0.036	0.053	0.489	0.047	-0.116	0.051	0.117
	(0.159)	(0.161)	(0.345)	(0.161)	(0.279)	(0.161)	(0.427)	(0.180)	(0.182)	(0.355)	(0.182)	(0.301)	(0.184)	(0.478)	(0.164)	(0.166)	(0.364)	(0.166)	(0.276)	(0.166)	(0.390)
	[-0.572 - 0.050]	[-0.550 - 0.081]	[-0.799 - 0.552]	[-0.555 - 0.075]	[-0.918 - 0.175]	[-0.552 - 0.078]	[-1.279 - 0.396]	[-0.651 - 0.056]	[-0.607 - 0.107]	[-1.436 - -0.044]	[-0.616 - 0.099]	[-1.003 - 0.178]	[-0.616 - 0.105]	[-1.801 - 0.074]	[-0.286 - 0.358]	[-0.272 - 0.377]	[-0.225 - 1.203]	[-0.278 - 0.372]	[-0.656 - 0.425]	[-0.273 - 0.376]	[-0.648 - 0.882]
	0.100	0.145	0.720	0.135	0.183	0.140	0.302	0.099	0.170	0.037	0.157	0.171	0.165	0.071	0.827	0.751	0.179	0.777	0.675	0.756	0.764
1.partyid3				-0.087	-0.197						-0.017	0.059						0.090	-0.177		
				(0.163)	(0.260)						(0.169)	(0.272)						(0.163)	(0.270)		
				[-0.406 - 0.232]	[-0.706 - 0.313]						[-0.348 - 0.315]	[-0.475 - 0.592]						[-0.228 - 0.409]	[-0.705 - 0.352]		
				0.592	0.449						0.921	0.830						0.578	0.513		
3.partyid3				-0.246	-0.179						-0.591	-0.831						-0.349	-0.533		
				(0.170)	(0.284)						(0.223)	(0.390)						(0.167)	(0.289)		
				[-0.579 - 0.088]	[-0.736 - 0.378]						[-1.027 - -0.155]	[-1.595 - -0.067]						[-0.677 - -0.021]	[-1.101 - 0.034]		
				0.149	0.530						0.008	0.033						0.037	0.066		
1b.treat#1o.partyid3					0.000							0.000							0.000		
					(0.000)							(0.000)							(0.000)		
					[0.000 - 0.000]							[0.000 - 0.000]							[0.000 - 0.000]		
					.							.							.		
1b.treat#2b.partyid3					0.000							0.000							0.000		
					(0.000)							(0.000)							(0.000)		
					[0.000 - 0.000]							[0.000 - 0.000]							[0.000 - 0.000]		
					.							.							.		
1b.treat#3o.partyid3					0.000							0.000							0.000		
					(0.000)							(0.000)							(0.000)		
					[0.000 - 0.000]							[0.000 - 0.000]							[0.000 - 0.000]		
					.							.							.		
2.treat#1.partyid3					0.171							-0.214							0.350		
					(0.377)							(0.408)							(0.379)		
					[-0.567 - 0.909]							[-1.013 - 0.586]							[-0.393 - 1.093]		
					0.650							0.600							0.356		
2o.treat#2b.partyid3					0.000							0.000							0.000		
					(0.000)							(0.000)							(0.000)		
					[0.000 - 0.000]							[0.000 - 0.000]							[0.000 - 0.000]		
					.							.							.		
2.treat#3.partyid3					-0.412							0.058							0.548		
					(0.396)							(0.502)							(0.399)		
					[-1.189 - 0.365]							[-0.925 - 1.041]							[-0.234 - 1.331]		
					0.299							0.908							0.170		
3.treat#1.partyid3					0.217							-0.031							0.493		
					(0.391)							(0.413)							(0.397)		
					[-0.550 - 0.984]							[-0.842 - 0.779]							[-0.285 - 1.271]		
					0.579							0.939							0.215		
3o.treat#2b.partyid3					0.000							0.000							0.000		
					(0.000)							(0.000)							(0.000)		
					[0.000 - 0.000]							[0.000 - 0.000]							[0.000 - 0.000]		
					.							.							.		
3.treat#3.partyid3					0.175							0.709							0.022		
					(0.402)							(0.523)							(0.399)		
					[-0.612 - 0.962]							[-0.316 - 1.734]							[-0.760 - 0.804]		
					0.663							0.175							0.957		
partyid7		-0.055	-0.011						-0.129	-0.188						-0.112	-0.089				
		(0.038)	(0.056)						(0.044)	(0.064)						(0.037)	(0.056)				
		[-0.129 - 0.020]	[-0.120 - 0.099]						[-0.216 - -0.042]	[-0.314 - -0.063]						[-0.184 - -0.040]	[-0.199 - 0.021]				
		0.149	0.850						0.004	0.003						0.002	0.113				
1b.treat#co.partyid7			0.000							0.000							0.000				
			(0.000)							(0.000)							(0.000)				
			[0.000 - 0.000]							[0.000 - 0.000]							[0.000 - 0.000]				
			.							.							.				
2.treat#c.partyid7			-0.128							0.062							0.038				
			(0.080)							(0.088)							(0.082)				
			[-0.285 - 0.028]							[-0.111 - 0.236]							[-0.124 - 0.199]				
			0.109							0.481							0.648				
3.treat#c.partyid7			-0.030							0.136							-0.109				
			(0.079)							(0.091)							(0.081)				
			[-0.186 - 0.126]							[-0.043 - 0.314]							[-0.268 - 0.050]				
			0.707							0.136							0.178				
1.partyid3l						-0.123	-0.231						-0.166	-0.278						0.107	0.050
						(0.210)	(0.332)						(0.215)	(0.336)						(0.190)	(0.330)
						[-0.534 - 0.289]	[-0.883 - 0.420]						[-0.587 - 0.254]	[-0.936 - 0.380]						[-0.266 - 0.479]	[-0.596 - 0.696]
						0.559	0.487						0.439	0.407						0.574	0.879
3.partyid3l						-0.301	-0.177						-0.692	-1.081						-0.323	-0.425
						(0.214)	(0.353)						(0.253)	(0.412)						(0.194)	(0.347)
						[-0.721 - 0.119]	[-0.869 - 0.515]						[-1.188 - -0.195]	[-1.888 - -0.274]						[-0.703 - 0.058]	[-1.105 - 0.255]
						0.160	0.617						0.006	0.009						0.096	0.221
1b.treat#1o.partyid3l							0.000							0.000							0.000
							(0.000)							(0.000)							(0.000)
							[0.000 - 0.000]							[0.000 - 0.000]							[0.000 - 0.000]
							.							.							.
1b.treat#2b.partyid3l							0.000							0.000							0.000
							(0.000)							(0.000)							(0.000)
							[0.000 - 0.000]							[0.000 - 0.000]							[0.000 - 0.000]
							.							.							.
1b.treat#3o.partyid3l							0.000							0.000							0.000
							(0.000)							(0.000)							(0.000)
							[0.000 - 0.000]							[0.000 - 0.000]							[0.000 - 0.000]
							.							.							.
2.treat#1.partyid3l							0.108							-0.017							0.108
							(0.465)							(0.484)							(0.439)
							[-0.804 - 1.020]							[-0.965 - 0.931]							[-0.751 - 0.968]
							0.817							0.972							0.805
2o.treat#2b.partyid3l							0.000							0.000							0.000
							(0.000)							(0.000)							(0.000)
							[0.000 - 0.000]							[0.000 - 0.000]							[0.000 - 0.000]
							.							.							.
2.treat#3.partyid3l							-0.503							0.169							0.431
							(0.477)							(0.556)							(0.453)
							[-1.437 - 0.432]							[-0.920 - 1.258]							[-0.457 - 1.319]
							0.292							0.761							0.341
3.treat#1.partyid3l							0.307							0.472							0.021
							(0.493)							(0.538)							(0.464)
							[-0.658 - 1.273]							[-0.583 - 1.527]							[-0.889 - 0.931]
							0.533							0.380							0.964
3o.treat#2b.partyid3l							0.000							0.000							0.000
							(0.000)							(0.000)							(0.000)
							[0.000 - 0.000]							[0.000 - 0.000]							[0.000 - 0.000]
							.							.							.
3.treat#3.partyid3l							0.167							1.166							-0.170
							(0.495)							(0.592)							(0.464)
							[-0.803 - 1.138]							[0.006 - 2.327]							[-1.079 - 0.739]
							0.735							0.049							0.714
col								.	.	.	.	.	.	.							
								(.)	(.)	(.)	(.)	(.)	(.)	(.)							
								[. - .]	[. - .]	[. - .]	[. - .]	[. - .]	[. - .]	[. - .]							
								.	.	.	.	.	.	.							
lib															.	.	.	.	.	.	.
															(.)	(.)	(.)	(.)	(.)	(.)	(.)
															[. - .]	[. - .]	[. - .]	[. - .]	[. - .]	[. - .]	[. - .]
															.	.	.	.	.	.	.
Constant	1.928	2.295	2.020	2.129	2.024	2.194	2.010	1.476	2.330	2.627	1.954	2.067	2.103	2.392	0.318	1.101	1.004	0.643	0.956	0.700	0.895
	(1.069)	(1.078)	(1.071)	(1.075)	(1.087)	(1.080)	(1.123)	(1.088)	(1.115)	(1.116)	(1.079)	(1.088)	(1.094)	(1.118)	(1.025)	(1.069)	(1.055)	(1.052)	(1.060)	(1.054)	(1.091)
	[-0.167 - 4.023]	[0.181 - 4.408]	[-0.079 - 4.120]	[0.022 - 4.237]	[-0.107 - 4.155]	[0.078 - 4.310]	[-0.192 - 4.212]	[-0.657 - 3.608]	[0.145 - 4.516]	[0.440 - 4.815]	[-0.162 - 4.070]	[-0.066 - 4.199]	[-0.041 - 4.248]	[0.200 - 4.584]	[-1.691 - 2.327]	[-0.994 - 3.196]	[-1.065 - 3.072]	[-1.418 - 2.705]	[-1.121 - 3.033]	[-1.366 - 2.766]	[-1.243 - 3.033]
	0.071	0.033	0.059	0.048	0.063	0.042	0.074	0.175	0.037	0.019	0.070	0.058	0.055	0.032	0.756	0.303	0.342	0.541	0.367	0.507	0.412
																					
Observations	2,016	2,009	2,009	2,009	2,009	2,009	2,009	2,012	2,005	2,005	2,005	2,005	2,005	2,005	2,009	2,002	2,002	2,002	2,002	2,002	2,002
Robust standard errors in brackets																					
