	(1)	(2)	(3)	(4)	(5)	(6)	(7)	(8)	(9)	(10)	(11)	(12)	(13)	(14)	(15)	(16)	(17)	(18)	(19)	(20)	(21)	(22)	(23)	(24)	(25)	(26)	(27)	(28)	(29)	(30)	(31)	(32)	(33)	(34)	(35)	(36)	(37)	(38)	(39)	(40)	(41)	(42)
	spk_r2	spk_r3	spk_r3d1	spk_r3d2	spk_r4	spk_r5	spk_r6	spk_r2l	spk_r3l	spk_r3ld1	spk_r3ld2	spk_r4l	spk_r5l	spk_r6l	col_r2	col_r3	col_r3d1	col_r3d2	col_r4	col_r5	col_r6	col_r2l	col_r3l	col_r3ld1	col_r3ld2	col_r4l	col_r5l	col_r6l	lib_r2	lib_r3	lib_r3d1	lib_r3d2	lib_r4	lib_r5	lib_r6	lib_r2l	lib_r3l	lib_r3ld1	lib_r3ld2	lib_r4l	lib_r5l	lib_r6l
VARIABLES	y1	y1	y1	y1	y1			y1	y1	y1	y1	y1			y1	y1	y1	y1	y1			y1	y1	y1	y1	y1			y1	y1	y1	y1	y1			y1	y1	y1	y1	y1		
																																										
1bno._at						0.0	0.0						0.0	0.0						0.0	0.0						0.0	0.0						0.0	0.0						0.0	0.0
						(0.0)	(0.0)						(0.0)	(0.0)						(0.0)	(0.0)						(0.0)	(0.0)						(0.0)	(0.0)						(0.0)	(0.0)
						[0.000 - 0.000]	[0.000 - 0.000]						[0.000 - 0.000]	[0.000 - 0.000]						[0.000 - 0.000]	[0.000 - 0.000]						[0.000 - 0.000]	[0.000 - 0.000]						[0.000 - 0.000]	[0.000 - 0.000]						[0.000 - 0.000]	[0.000 - 0.000]
						.	.						.	.						.	.						.	.						.	.						.	.
2o._at						0.0	0.0						0.0	0.0						0.0	0.0						0.0	0.0						0.0	0.0						0.0	0.0
						(0.0)	(0.0)						(0.0)	(0.0)						(0.0)	(0.0)						(0.0)	(0.0)						(0.0)	(0.0)						(0.0)	(0.0)
						[0.000 - 0.000]	[0.000 - 0.000]						[0.000 - 0.000]	[0.000 - 0.000]						[0.000 - 0.000]	[0.000 - 0.000]						[0.000 - 0.000]	[0.000 - 0.000]						[0.000 - 0.000]	[0.000 - 0.000]						[0.000 - 0.000]	[0.000 - 0.000]
						.	.						.	.						.	.						.	.						.	.						.	.
3o._at						0.0	0.0						0.0	0.0						0.0	0.0						0.0	0.0						0.0	0.0						0.0	0.0
						(0.0)	(0.0)						(0.0)	(0.0)						(0.0)	(0.0)						(0.0)	(0.0)						(0.0)	(0.0)						(0.0)	(0.0)
						[0.000 - 0.000]	[0.000 - 0.000]						[0.000 - 0.000]	[0.000 - 0.000]						[0.000 - 0.000]	[0.000 - 0.000]						[0.000 - 0.000]	[0.000 - 0.000]						[0.000 - 0.000]	[0.000 - 0.000]						[0.000 - 0.000]	[0.000 - 0.000]
						.	.						.	.						.	.						.	.						.	.						.	.
1bn._at						4.1	-3.2						4.8	-2.8						-1.1	-8.6						-12.9	-6.8						3.6	7.6						-1.0	2.8
						(5.4)	(5.6)						(7.0)	(4.9)						(5.1)	(4.7)						(4.7)	(4.2)						(5.8)	(5.9)						(6.7)	(5.2)
						[-0.065 - 0.148]	[-0.150 - 0.067]						[-0.088 - 0.185]	[-0.124 - 0.068]						[-0.249 - -0.036]	[-0.180 - 0.007]						[-0.076 - 0.183]	[-0.149 - 0.014]						[-0.187 - 0.041]	[-0.039 - 0.191]						[-0.198 - 0.004]	[-0.074 - 0.129]
						0.449	0.454						0.487	0.570						0.829	0.102						0.006	0.096						0.513	0.197						0.879	0.592
2._at						0.5	-7.8						-11.0	-5.5						2.5	-5.0						-8.7	-7.1						-3.6	-9.6						-3.1	2.4
						(5.6)	(5.8)						(7.0)	(8.5)						(4.8)	(5.1)						(4.3)	(8.1)						(6.3)	(5.6)						(6.2)	(7.4)
						[-0.105 - 0.116]	[-0.188 - 0.033]						[-0.111 - 0.163]	[-0.222 - 0.112]						[-0.069 - 0.120]	[-0.151 - 0.050]						[-0.172 - -0.002]	[-0.227 - 0.086]						[-0.155 - 0.090]	[-0.133 - 0.086]						[-0.155 - 0.090]	[-0.226 - 0.065]
						0.925	0.182						0.031	0.300						0.602	0.327						0.407	0.060						0.604	0.070						0.602	0.280
3._at						-0.4	-4.1						-1.6	-15.4						-2.3	-2.8						-1.7	4.4						-6.3	1.7						-13.6	-1.1
						(6.0)	(5.9)						(7.7)	(5.2)						(5.7)	(5.0)						(6.5)	(4.9)						(6.3)	(6.2)						(5.6)	(5.3)
						[-0.122 - 0.114]	[-0.157 - 0.076]						[-0.128 - 0.092]	[-0.252 - -0.056]						[-0.134 - 0.088]	[-0.126 - 0.070]						[-0.157 - 0.097]	[-0.114 - 0.062]						[-0.178 - 0.051]	[-0.134 - 0.096]						[-0.143 - 0.115]	[-0.096 - 0.112]
						0.945	0.492						0.838	0.277						0.682	0.473						0.641	0.569						0.008	0.789						0.829	0.837
1bn._at						0.4	-4.2						1.1	-3.2						-14.2	-7.8						5.4	-6.8						-7.3	-2.4						-9.7	-5.8
						(5.7)	(5.5)						(5.2)	(4.9)						(5.4)	(4.7)						(6.6)	(4.1)						(5.5)	(5.8)						(5.2)	(5.1)
						[-0.107 - 0.115]	[-0.142 - 0.078]						[-0.090 - 0.112]	[-0.128 - 0.064]						[-0.110 - 0.088]	[-0.171 - 0.015]						[-0.221 - -0.036]	[-0.148 - 0.012]						[-0.071 - 0.143]	[-0.137 - 0.089]						[-0.141 - 0.121]	[-0.158 - 0.042]
						0.946	0.568						0.826	0.509						0.009	0.068						0.416	0.105						0.210	0.676						0.060	0.257
2._at						-11.1	-7.7						2.6	-9.2						-8.4	-7.1						5.1	-15.2						-3.2	-2.3						-3.3	-8.0
						(5.9)	(5.6)						(5.1)	(8.9)						(4.8)	(5.2)						(6.1)	(8.0)						(5.6)	(5.3)						(5.4)	(7.9)
						[-0.226 - 0.005]	[-0.191 - 0.036]						[-0.210 - -0.010]	[-0.266 - 0.082]						[-0.178 - 0.011]	[-0.172 - 0.030]						[-0.069 - 0.170]	[-0.310 - 0.006]						[-0.145 - 0.074]	[-0.199 - 0.008]						[-0.137 - 0.074]	[-0.131 - 0.178]
						0.060	0.170						0.714	0.519						0.082	0.168						0.044	0.377						0.525	0.675						0.562	0.765
3._at						-0.5	-15.6						-1.8	-5.7						-0.4	4.2						-3.0	-2.6						-16.8	-1.9						-1.4	0.8
						(6.4)	(5.7)						(5.6)	(5.0)						(5.0)	(5.8)						(4.9)	(4.5)						(5.8)	(5.9)						(6.6)	(5.3)
						[-0.131 - 0.121]	[-0.269 - -0.044]						[-0.166 - 0.135]	[-0.159 - 0.046]						[-0.102 - 0.093]	[-0.072 - 0.155]						[-0.114 - 0.079]	[-0.053 - 0.140]						[-0.292 - -0.044]	[-0.105 - 0.138]						[-0.245 - -0.027]	[-0.114 - 0.093]
						0.939	0.007						0.754	0.002						0.931	0.579						0.726	0.377						0.279	0.744						0.015	0.879
1bn.treat		49.1							49.0							28.0							27.9							53.9							53.6					
		(2.3)							(2.3)							(2.1)							(2.1)							(2.4)							(2.3)					
		[0.446 - 0.536]							[0.445 - 0.535]							[0.238 - 0.321]							[0.237 - 0.320]							[0.493 - 0.585]							[0.490 - 0.582]					
		0.000							0.000							0.000							0.000							0.000							0.000					
2.treat		40.4	-8.7						40.7	-8.3						22.3	-5.7						22.6	-5.3						49.9	-4.0						49.9	-3.6				
		(2.3)	(3.3)						(2.4)	(3.3)						(1.9)	(2.9)						(1.9)	(2.9)						(2.3)	(3.3)						(2.3)	(3.3)				
		[0.358 - 0.450]	[-0.152 - -0.022]						[0.361 - 0.454]	[-0.148 - -0.018]						[0.185 - 0.261]	[-0.113 - -0.001]						[0.188 - 0.264]	[-0.109 - 0.003]						[0.453 - 0.545]	[-0.105 - 0.025]						[0.453 - 0.545]	[-0.101 - 0.029]				
		0.000	0.009						0.000	0.013						0.000	0.048						0.000	0.066						0.000	0.229						0.000	0.272				
3.treat		43.9	-5.2	3.5					43.9	-5.1	3.2					23.6	-4.4	1.3					23.4	-4.4	0.9					54.9	1.0	5.0					54.7	1.2	4.8			
		(2.4)	(3.3)	(3.4)					(2.4)	(3.3)	(3.4)					(2.1)	(3.0)	(2.9)					(2.1)	(3.0)	(2.9)					(2.4)	(3.4)	(3.3)					(2.4)	(3.4)	(3.3)			
		[0.392 - 0.487]	[-0.117 - 0.014]	[-0.031 - 0.101]					[0.391 - 0.487]	[-0.117 - 0.014]	[-0.035 - 0.098]					[0.194 - 0.277]	[-0.102 - 0.014]	[-0.044 - 0.069]					[0.193 - 0.276]	[-0.102 - 0.014]	[-0.048 - 0.065]					[0.502 - 0.595]	[-0.056 - 0.076]	[-0.015 - 0.115]					[0.501 - 0.593]	[-0.054 - 0.078]	[-0.017 - 0.113]			
		0.000	0.120	0.300					0.000	0.125	0.352					0.000	0.139	0.659					0.000	0.136	0.768					0.000	0.773	0.135					0.000	0.726	0.146			
2.partyid3	1.1				1.5										-0.2				0.3										-2.2				-1.8									
	(3.4)				(3.4)										(2.9)				(2.9)										(3.3)				(3.3)									
	[-0.055 - 0.077]				[-0.051 - 0.081]										[-0.060 - 0.055]				[-0.054 - 0.059]										[-0.087 - 0.043]				[-0.083 - 0.047]									
	0.742				0.651										0.938				0.920										0.513				0.588									
3.partyid3	-3.5				-3.6										-8.9				-8.6										-8.9				-8.8									
	(3.8)				(3.7)										(3.5)				(3.4)										(3.7)				(3.7)									
	[-0.108 - 0.039]				[-0.109 - 0.036]										[-0.157 - -0.020]				[-0.153 - -0.020]										[-0.162 - -0.016]				[-0.162 - -0.015]									
	0.359				0.323										0.011				0.011										0.017				0.018									
1.treat				8.7							8.3							5.7							5.3							4.0							3.6			
				(3.3)							(3.3)							(2.9)							(2.9)							(3.3)							(3.3)			
				[0.022 - 0.152]							[0.018 - 0.148]							[0.001 - 0.113]							[-0.003 - 0.109]							[-0.025 - 0.105]							[-0.029 - 0.101]			
				0.009							0.013							0.048							0.066							0.229							0.272			
2.partyid3l								2.0				2.1										2.6				2.7										-2.4				-1.9		
								(4.3)				(4.4)										(3.9)				(3.8)										(3.9)				(3.9)		
								[-0.065 - 0.106]				[-0.065 - 0.106]										[-0.050 - 0.101]				[-0.048 - 0.101]										[-0.100 - 0.052]				[-0.095 - 0.057]		
								0.637				0.633										0.501				0.483										0.530				0.627		
3.partyid3l								-4.1				-3.8										-8.3				-8.1										-8.9				-8.7		
								(3.4)				(3.3)										(3.0)				(3.0)										(3.3)				(3.3)		
								[-0.107 - 0.025]				[-0.103 - 0.028]										[-0.142 - -0.024]				[-0.139 - -0.022]										[-0.152 - -0.025]				[-0.151 - -0.023]		
								0.226				0.261										0.006				0.007										0.006				0.008		
																																										
Observations	2,009	2,009	2,009	2,009	2,009	2,009	2,009	2,009	2,009	2,009	2,009	2,009	2,009	2,009	2,005	2,005	2,005	2,005	2,005	2,005	2,005	2,005	2,005	2,005	2,005	2,005	2,005	2,005	2,002	2,002	2,002	2,002	2,002	2,002	2,002	2,002	2,002	2,002	2,002	2,002	2,002	2,002
Standard errors in brackets																																										
