	(1)	(2)	(3)	(4)	(5)	(6)	(7)	(8)	(9)	(10)	(11)	(12)
	spk_r4	spk_r5	spk_r6	spk_r7	col_r4	col_r5	col_r6	col_r7	lib_r4	lib_r5	lib_r6	lib_r7
VARIABLES	spk	spk	spk	spk	col	col	col	col	lib	lib	lib	lib
												
spk	.	.	.	.								
	(.)	(.)	(.)	(.)								
	[. - .]	[. - .]	[. - .]	[. - .]								
	.	.	.	.								
2.region4	0.137	0.142	0.131	0.137	0.332	0.335	0.322	0.312	-0.021	-0.016	-0.034	-0.028
	(0.217)	(0.215)	(0.217)	(0.217)	(0.261)	(0.265)	(0.261)	(0.263)	(0.214)	(0.215)	(0.212)	(0.212)
	[-0.287 - 0.562]	[-0.280 - 0.564]	[-0.293 - 0.556]	[-0.288 - 0.561]	[-0.180 - 0.844]	[-0.183 - 0.854]	[-0.189 - 0.834]	[-0.204 - 0.827]	[-0.440 - 0.398]	[-0.436 - 0.405]	[-0.449 - 0.381]	[-0.444 - 0.388]
	0.526	0.510	0.544	0.528	0.204	0.205	0.217	0.236	0.922	0.942	0.873	0.895
3.region4	-0.028	-0.025	-0.022	-0.020	0.144	0.146	0.158	0.159	-0.411	-0.420	-0.407	-0.408
	(0.213)	(0.212)	(0.213)	(0.213)	(0.253)	(0.257)	(0.252)	(0.256)	(0.206)	(0.205)	(0.204)	(0.204)
	[-0.445 - 0.389]	[-0.441 - 0.391]	[-0.439 - 0.395]	[-0.437 - 0.398]	[-0.352 - 0.640]	[-0.357 - 0.649]	[-0.336 - 0.653]	[-0.343 - 0.660]	[-0.814 - -0.008]	[-0.822 - -0.018]	[-0.807 - -0.008]	[-0.808 - -0.009]
	0.896	0.906	0.917	0.926	0.570	0.569	0.530	0.535	0.046	0.041	0.046	0.045
4.region4	0.195	0.196	0.199	0.190	0.454	0.460	0.461	0.462	0.143	0.144	0.137	0.145
	(0.232)	(0.231)	(0.233)	(0.233)	(0.257)	(0.262)	(0.258)	(0.261)	(0.227)	(0.228)	(0.226)	(0.227)
	[-0.260 - 0.650]	[-0.258 - 0.649]	[-0.258 - 0.655]	[-0.266 - 0.646]	[-0.051 - 0.958]	[-0.053 - 0.973]	[-0.044 - 0.966]	[-0.050 - 0.973]	[-0.303 - 0.589]	[-0.302 - 0.590]	[-0.306 - 0.581]	[-0.299 - 0.589]
	0.402	0.397	0.393	0.414	0.078	0.079	0.073	0.077	0.529	0.528	0.544	0.522
1.metro	0.129	0.153	0.135	0.146	0.292	0.307	0.313	0.325	0.266	0.241	0.258	0.250
	(0.226)	(0.225)	(0.227)	(0.228)	(0.274)	(0.271)	(0.277)	(0.275)	(0.221)	(0.219)	(0.219)	(0.219)
	[-0.314 - 0.571]	[-0.288 - 0.594]	[-0.311 - 0.581]	[-0.300 - 0.592]	[-0.244 - 0.828]	[-0.224 - 0.838]	[-0.230 - 0.855]	[-0.213 - 0.864]	[-0.168 - 0.699]	[-0.188 - 0.671]	[-0.172 - 0.687]	[-0.179 - 0.678]
	0.569	0.496	0.553	0.521	0.286	0.257	0.259	0.236	0.229	0.270	0.240	0.253
1.female	-0.562	-0.573	-0.577	-0.589	-0.213	-0.214	-0.238	-0.246	0.001	0.009	-0.025	-0.016
	(0.133)	(0.133)	(0.133)	(0.133)	(0.156)	(0.157)	(0.156)	(0.158)	(0.140)	(0.140)	(0.140)	(0.140)
	[-0.822 - -0.301]	[-0.833 - -0.312]	[-0.837 - -0.317]	[-0.850 - -0.329]	[-0.519 - 0.092]	[-0.522 - 0.094]	[-0.544 - 0.068]	[-0.555 - 0.063]	[-0.274 - 0.275]	[-0.265 - 0.282]	[-0.299 - 0.249]	[-0.291 - 0.258]
	0.000	0.000	0.000	0.000	0.171	0.173	0.127	0.118	0.996	0.950	0.856	0.907
2.age4	-0.550	-0.561	-0.544	-0.570	-0.390	-0.401	-0.366	-0.421	-0.543	-0.556	-0.534	-0.524
	(0.236)	(0.234)	(0.236)	(0.232)	(0.240)	(0.237)	(0.242)	(0.239)	(0.242)	(0.243)	(0.243)	(0.242)
	[-1.013 - -0.087]	[-1.019 - -0.103]	[-1.006 - -0.081]	[-1.025 - -0.115]	[-0.860 - 0.081]	[-0.866 - 0.064]	[-0.841 - 0.108]	[-0.890 - 0.047]	[-1.018 - -0.068]	[-1.033 - -0.079]	[-1.009 - -0.058]	[-0.998 - -0.050]
	0.020	0.016	0.021	0.014	0.104	0.091	0.131	0.078	0.025	0.022	0.028	0.030
3.age4	-0.832	-0.837	-0.827	-0.847	-0.743	-0.744	-0.730	-0.770	-0.975	-0.992	-0.963	-0.951
	(0.252)	(0.251)	(0.252)	(0.250)	(0.272)	(0.269)	(0.273)	(0.272)	(0.257)	(0.258)	(0.257)	(0.257)
	[-1.327 - -0.337]	[-1.328 - -0.345]	[-1.321 - -0.333]	[-1.337 - -0.358]	[-1.275 - -0.210]	[-1.272 - -0.216]	[-1.265 - -0.194]	[-1.302 - -0.238]	[-1.479 - -0.471]	[-1.498 - -0.486]	[-1.466 - -0.460]	[-1.455 - -0.448]
	0.001	0.001	0.001	0.001	0.006	0.006	0.008	0.005	0.000	0.000	0.000	0.000
4.age4	-0.829	-0.830	-0.815	-0.832	-1.033	-1.049	-0.995	-1.054	-0.816	-0.847	-0.808	-0.801
	(0.291)	(0.290)	(0.290)	(0.288)	(0.319)	(0.314)	(0.318)	(0.314)	(0.301)	(0.300)	(0.300)	(0.298)
	[-1.398 - -0.259]	[-1.397 - -0.262]	[-1.384 - -0.246]	[-1.397 - -0.267]	[-1.658 - -0.407]	[-1.665 - -0.433]	[-1.620 - -0.371]	[-1.669 - -0.439]	[-1.406 - -0.227]	[-1.435 - -0.259]	[-1.395 - -0.220]	[-1.386 - -0.217]
	0.004	0.004	0.005	0.004	0.001	0.001	0.002	0.001	0.007	0.005	0.007	0.007
2.race4	-0.033	-0.043	-0.060	-0.078	-0.032	-0.012	-0.065	-0.029	-0.135	-0.127	-0.169	-0.161
	(0.249)	(0.246)	(0.253)	(0.250)	(0.267)	(0.267)	(0.271)	(0.271)	(0.253)	(0.253)	(0.255)	(0.255)
	[-0.521 - 0.455]	[-0.526 - 0.439]	[-0.555 - 0.436]	[-0.568 - 0.412]	[-0.555 - 0.492]	[-0.535 - 0.510]	[-0.596 - 0.466]	[-0.561 - 0.503]	[-0.631 - 0.362]	[-0.623 - 0.370]	[-0.668 - 0.329]	[-0.662 - 0.339]
	0.894	0.861	0.813	0.755	0.905	0.964	0.810	0.915	0.595	0.617	0.506	0.527
3.race4	-0.212	-0.203	-0.218	-0.209	-0.157	-0.133	-0.175	-0.137	0.070	0.052	0.062	0.056
	(0.288)	(0.282)	(0.288)	(0.279)	(0.303)	(0.301)	(0.307)	(0.298)	(0.267)	(0.273)	(0.271)	(0.271)
	[-0.776 - 0.351]	[-0.756 - 0.351]	[-0.782 - 0.346]	[-0.756 - 0.339]	[-0.750 - 0.437]	[-0.722 - 0.457]	[-0.776 - 0.426]	[-0.721 - 0.447]	[-0.454 - 0.593]	[-0.484 - 0.587]	[-0.469 - 0.594]	[-0.476 - 0.588]
	0.460	0.473	0.448	0.455	0.604	0.659	0.568	0.645	0.794	0.850	0.818	0.837
4.race4	0.146	0.148	0.131	0.128	-0.409	-0.416	-0.441	-0.446	-0.442	-0.441	-0.452	-0.450
	(0.218)	(0.218)	(0.217)	(0.217)	(0.248)	(0.248)	(0.251)	(0.252)	(0.208)	(0.207)	(0.209)	(0.208)
	[-0.280 - 0.573]	[-0.278 - 0.574]	[-0.295 - 0.557]	[-0.296 - 0.553]	[-0.895 - 0.078]	[-0.901 - 0.069]	[-0.933 - 0.051]	[-0.941 - 0.049]	[-0.849 - -0.034]	[-0.847 - -0.036]	[-0.861 - -0.042]	[-0.859 - -0.042]
	0.502	0.496	0.547	0.554	0.100	0.093	0.079	0.077	0.034	0.033	0.031	0.031
2.hhsize	-0.377	-0.364	-0.381	-0.382	-0.300	-0.303	-0.294	-0.360	-0.522	-0.536	-0.521	-0.526
	(0.241)	(0.239)	(0.243)	(0.242)	(0.270)	(0.267)	(0.272)	(0.265)	(0.228)	(0.228)	(0.228)	(0.228)
	[-0.849 - 0.096]	[-0.832 - 0.105]	[-0.856 - 0.095]	[-0.857 - 0.093]	[-0.829 - 0.230]	[-0.826 - 0.220]	[-0.826 - 0.239]	[-0.879 - 0.159]	[-0.968 - -0.076]	[-0.984 - -0.089]	[-0.968 - -0.073]	[-0.973 - -0.078]
	0.118	0.128	0.117	0.115	0.267	0.257	0.280	0.174	0.022	0.019	0.023	0.021
3.hhsize	-0.502	-0.478	-0.502	-0.496	-0.465	-0.476	-0.449	-0.501	-0.861	-0.902	-0.871	-0.890
	(0.261)	(0.259)	(0.263)	(0.264)	(0.290)	(0.288)	(0.294)	(0.293)	(0.257)	(0.260)	(0.259)	(0.259)
	[-1.014 - 0.010]	[-0.986 - 0.031]	[-1.017 - 0.012]	[-1.014 - 0.022]	[-1.033 - 0.103]	[-1.039 - 0.088]	[-1.024 - 0.126]	[-1.075 - 0.073]	[-1.366 - -0.357]	[-1.410 - -0.393]	[-1.379 - -0.364]	[-1.398 - -0.381]
	0.055	0.066	0.056	0.060	0.109	0.098	0.126	0.087	0.001	0.001	0.001	0.001
4.hhsize	0.053	0.078	0.053	0.063	-0.161	-0.150	-0.150	-0.179	-0.711	-0.749	-0.703	-0.722
	(0.286)	(0.285)	(0.288)	(0.287)	(0.342)	(0.344)	(0.342)	(0.341)	(0.284)	(0.287)	(0.283)	(0.284)
	[-0.508 - 0.615]	[-0.480 - 0.637]	[-0.512 - 0.618]	[-0.500 - 0.625]	[-0.830 - 0.509]	[-0.823 - 0.524]	[-0.820 - 0.520]	[-0.846 - 0.489]	[-1.267 - -0.155]	[-1.311 - -0.187]	[-1.258 - -0.147]	[-1.279 - -0.165]
	0.852	0.784	0.855	0.828	0.638	0.663	0.660	0.600	0.012	0.009	0.013	0.011
5.hhsize	-0.082	-0.052	-0.088	-0.065	-0.329	-0.343	-0.328	-0.387	-0.231	-0.270	-0.234	-0.262
	(0.319)	(0.318)	(0.320)	(0.318)	(0.352)	(0.350)	(0.353)	(0.349)	(0.305)	(0.305)	(0.306)	(0.305)
	[-0.707 - 0.544]	[-0.675 - 0.571]	[-0.716 - 0.540]	[-0.689 - 0.559]	[-1.019 - 0.362]	[-1.029 - 0.342]	[-1.021 - 0.364]	[-1.070 - 0.297]	[-0.828 - 0.367]	[-0.869 - 0.328]	[-0.834 - 0.365]	[-0.860 - 0.337]
	0.798	0.869	0.783	0.838	0.351	0.326	0.353	0.268	0.449	0.376	0.443	0.392
6.hhsize	-0.175	-0.142	-0.182	-0.161	0.068	0.051	0.068	-0.010	-0.658	-0.690	-0.665	-0.680
	(0.325)	(0.324)	(0.326)	(0.326)	(0.329)	(0.330)	(0.329)	(0.326)	(0.296)	(0.299)	(0.297)	(0.299)
	[-0.812 - 0.462]	[-0.777 - 0.492]	[-0.820 - 0.456]	[-0.799 - 0.477]	[-0.578 - 0.713]	[-0.596 - 0.698]	[-0.577 - 0.714]	[-0.650 - 0.629]	[-1.239 - -0.077]	[-1.276 - -0.105]	[-1.247 - -0.082]	[-1.265 - -0.095]
	0.591	0.660	0.575	0.620	0.837	0.878	0.835	0.975	0.026	0.021	0.025	0.023
2.marital	-0.285	-0.282	-0.298	-0.310	0.316	0.310	0.290	0.280	-0.343	-0.350	-0.346	-0.350
	(0.420)	(0.418)	(0.420)	(0.420)	(0.439)	(0.438)	(0.442)	(0.432)	(0.317)	(0.323)	(0.318)	(0.320)
	[-1.108 - 0.538]	[-1.101 - 0.536]	[-1.121 - 0.525]	[-1.133 - 0.512]	[-0.545 - 1.176]	[-0.549 - 1.168]	[-0.577 - 1.156]	[-0.567 - 1.126]	[-0.965 - 0.279]	[-0.982 - 0.283]	[-0.968 - 0.277]	[-0.977 - 0.277]
	0.498	0.499	0.478	0.459	0.472	0.480	0.513	0.517	0.280	0.278	0.276	0.274
3.marital	0.053	0.060	0.039	0.049	-0.167	-0.176	-0.195	-0.202	-0.156	-0.172	-0.162	-0.171
	(0.240)	(0.239)	(0.241)	(0.241)	(0.262)	(0.260)	(0.263)	(0.263)	(0.227)	(0.229)	(0.228)	(0.229)
	[-0.418 - 0.524]	[-0.409 - 0.528]	[-0.433 - 0.512]	[-0.424 - 0.522]	[-0.680 - 0.346]	[-0.686 - 0.334]	[-0.711 - 0.321]	[-0.717 - 0.313]	[-0.602 - 0.289]	[-0.621 - 0.276]	[-0.609 - 0.284]	[-0.618 - 0.277]
	0.824	0.803	0.870	0.839	0.523	0.500	0.459	0.443	0.491	0.451	0.475	0.455
4.marital	1.354	1.375	1.346	1.358	1.419	1.418	1.393	1.353	-0.365	-0.388	-0.397	-0.385
	(0.480)	(0.475)	(0.483)	(0.478)	(0.567)	(0.572)	(0.575)	(0.582)	(0.642)	(0.633)	(0.638)	(0.634)
	[0.412 - 2.296]	[0.443 - 2.306]	[0.400 - 2.292]	[0.422 - 2.294]	[0.308 - 2.529]	[0.296 - 2.539]	[0.266 - 2.520]	[0.213 - 2.493]	[-1.623 - 0.893]	[-1.630 - 0.854]	[-1.647 - 0.853]	[-1.627 - 0.857]
	0.005	0.004	0.005	0.004	0.012	0.013	0.015	0.020	0.569	0.540	0.534	0.544
5.marital	0.070	0.071	0.067	0.060	0.110	0.102	0.120	0.068	-0.189	-0.213	-0.183	-0.178
	(0.231)	(0.230)	(0.230)	(0.230)	(0.266)	(0.266)	(0.264)	(0.262)	(0.233)	(0.233)	(0.234)	(0.232)
	[-0.382 - 0.522]	[-0.379 - 0.522]	[-0.385 - 0.518]	[-0.392 - 0.511]	[-0.412 - 0.632]	[-0.418 - 0.623]	[-0.397 - 0.638]	[-0.446 - 0.583]	[-0.646 - 0.269]	[-0.669 - 0.244]	[-0.641 - 0.274]	[-0.633 - 0.278]
	0.762	0.757	0.771	0.795	0.680	0.700	0.648	0.795	0.419	0.361	0.432	0.444
6.marital	0.382	0.394	0.379	0.369	0.506	0.497	0.505	0.455	-0.093	-0.107	-0.097	-0.081
	(0.261)	(0.261)	(0.260)	(0.260)	(0.283)	(0.284)	(0.284)	(0.284)	(0.269)	(0.269)	(0.266)	(0.264)
	[-0.130 - 0.894]	[-0.116 - 0.905]	[-0.131 - 0.889]	[-0.141 - 0.879]	[-0.048 - 1.060]	[-0.060 - 1.054]	[-0.052 - 1.061]	[-0.102 - 1.012]	[-0.619 - 0.434]	[-0.635 - 0.421]	[-0.618 - 0.424]	[-0.598 - 0.435]
	0.143	0.130	0.145	0.156	0.073	0.081	0.076	0.109	0.731	0.691	0.714	0.758
2.relig	-0.352	-0.361	-0.366	-0.383	-0.186	-0.186	-0.220	-0.222	0.169	0.171	0.152	0.164
	(0.210)	(0.210)	(0.209)	(0.207)	(0.260)	(0.262)	(0.259)	(0.259)	(0.205)	(0.204)	(0.204)	(0.204)
	[-0.763 - 0.059]	[-0.772 - 0.049]	[-0.775 - 0.043]	[-0.789 - 0.023]	[-0.695 - 0.323]	[-0.699 - 0.328]	[-0.728 - 0.287]	[-0.730 - 0.285]	[-0.232 - 0.571]	[-0.229 - 0.571]	[-0.247 - 0.552]	[-0.237 - 0.564]
	0.093	0.085	0.080	0.064	0.475	0.479	0.395	0.391	0.408	0.402	0.455	0.423
3.relig	-0.866	-0.849	-0.865	-0.816	-0.993	-0.998	-0.965	-1.006	-0.426	-0.467	-0.450	-0.464
	(0.775)	(0.782)	(0.765)	(0.766)	(0.786)	(0.770)	(0.769)	(0.785)	(0.638)	(0.620)	(0.630)	(0.621)
	[-2.385 - 0.652]	[-2.383 - 0.684]	[-2.365 - 0.634]	[-2.316 - 0.685]	[-2.533 - 0.547]	[-2.506 - 0.511]	[-2.472 - 0.542]	[-2.545 - 0.532]	[-1.677 - 0.826]	[-1.681 - 0.748]	[-1.685 - 0.785]	[-1.682 - 0.754]
	0.263	0.278	0.258	0.287	0.206	0.195	0.210	0.200	0.505	0.452	0.475	0.455
4.relig	2.562	2.531	2.570	2.597	2.152	2.125	2.158	2.158	0.651	0.716	0.622	0.653
	(1.092)	(1.101)	(1.125)	(1.162)	(0.880)	(0.909)	(0.893)	(0.918)	(0.685)	(0.693)	(0.688)	(0.690)
	[0.421 - 4.703]	[0.374 - 4.688]	[0.366 - 4.775]	[0.319 - 4.874]	[0.427 - 3.876]	[0.344 - 3.906]	[0.408 - 3.908]	[0.359 - 3.957]	[-0.692 - 1.994]	[-0.643 - 2.075]	[-0.725 - 1.970]	[-0.700 - 2.006]
	0.019	0.021	0.022	0.025	0.014	0.019	0.016	0.019	0.342	0.302	0.365	0.344
5.relig	0.495	0.486	0.478	0.452	0.336	0.337	0.330	0.333	0.378	0.405	0.369	0.407
	(0.479)	(0.481)	(0.476)	(0.486)	(0.550)	(0.547)	(0.535)	(0.527)	(0.487)	(0.491)	(0.479)	(0.473)
	[-0.444 - 1.435]	[-0.457 - 1.429]	[-0.455 - 1.412]	[-0.500 - 1.405]	[-0.742 - 1.414]	[-0.735 - 1.408]	[-0.719 - 1.379]	[-0.700 - 1.367]	[-0.577 - 1.332]	[-0.558 - 1.368]	[-0.570 - 1.309]	[-0.520 - 1.334]
	0.302	0.312	0.315	0.352	0.542	0.538	0.537	0.527	0.438	0.410	0.441	0.390
6.relig	-0.844	-0.809	-0.871	-0.825	-0.241	-0.287	-0.282	-0.300	0.090	0.105	0.067	0.052
	(0.877)	(0.879)	(0.885)	(0.893)	(1.098)	(1.104)	(1.121)	(1.137)	(0.862)	(0.895)	(0.866)	(0.887)
	[-2.563 - 0.874]	[-2.533 - 0.914]	[-2.605 - 0.863]	[-2.576 - 0.926]	[-2.393 - 1.911]	[-2.450 - 1.876]	[-2.478 - 1.915]	[-2.528 - 1.928]	[-1.599 - 1.780]	[-1.649 - 1.860]	[-1.630 - 1.764]	[-1.687 - 1.791]
	0.336	0.357	0.325	0.356	0.826	0.795	0.802	0.792	0.917	0.906	0.938	0.953
7.relig	0.633	0.580	0.607	0.556	-0.200	-0.165	-0.269	-0.192	-0.799	-0.754	-0.851	-0.816
	(0.573)	(0.572)	(0.574)	(0.572)	(0.707)	(0.698)	(0.717)	(0.703)	(0.588)	(0.603)	(0.588)	(0.608)
	[-0.491 - 1.757]	[-0.542 - 1.701]	[-0.518 - 1.731]	[-0.565 - 1.676]	[-1.584 - 1.185]	[-1.533 - 1.204]	[-1.674 - 1.136]	[-1.570 - 1.185]	[-1.952 - 0.353]	[-1.936 - 0.429]	[-2.003 - 0.302]	[-2.007 - 0.375]
	0.270	0.311	0.290	0.331	0.778	0.814	0.708	0.785	0.174	0.212	0.148	0.179
8.relig	-1.818	-1.779	-1.850	-1.799	-2.245	-2.231	-2.286	-2.190	-1.007	-0.987	-1.037	-1.072
	(0.897)	(0.899)	(0.909)	(0.908)	(1.098)	(1.092)	(1.152)	(1.149)	(0.818)	(0.795)	(0.830)	(0.838)
	[-3.577 - -0.059]	[-3.542 - -0.017]	[-3.631 - -0.068]	[-3.578 - -0.020]	[-4.397 - -0.094]	[-4.370 - -0.091]	[-4.543 - -0.029]	[-4.442 - 0.062]	[-2.610 - 0.597]	[-2.545 - 0.570]	[-2.664 - 0.591]	[-2.714 - 0.571]
	0.043	0.048	0.042	0.048	0.041	0.041	0.047	0.057	0.219	0.214	0.212	0.201
9.relig	0.831	0.836	0.814	0.808	0.336	0.343	0.307	0.345	1.199	1.169	1.163	1.150
	(0.381)	(0.385)	(0.381)	(0.387)	(0.324)	(0.328)	(0.324)	(0.325)	(0.412)	(0.407)	(0.413)	(0.409)
	[0.085 - 1.577]	[0.082 - 1.591]	[0.067 - 1.561]	[0.049 - 1.568]	[-0.300 - 0.972]	[-0.299 - 0.986]	[-0.327 - 0.941]	[-0.293 - 0.983]	[0.391 - 2.007]	[0.371 - 1.967]	[0.354 - 1.973]	[0.348 - 1.953]
	0.029	0.030	0.033	0.037	0.300	0.295	0.343	0.289	0.004	0.004	0.005	0.005
10.relig	0.296	0.290	0.268	0.268	0.060	0.074	-0.001	0.016	0.583	0.547	0.526	0.518
	(0.349)	(0.351)	(0.354)	(0.354)	(0.363)	(0.364)	(0.371)	(0.369)	(0.383)	(0.382)	(0.383)	(0.382)
	[-0.388 - 0.980]	[-0.399 - 0.979]	[-0.425 - 0.961]	[-0.426 - 0.961]	[-0.652 - 0.771]	[-0.639 - 0.786]	[-0.728 - 0.726]	[-0.707 - 0.739]	[-0.167 - 1.332]	[-0.202 - 1.296]	[-0.224 - 1.276]	[-0.231 - 1.268]
	0.396	0.409	0.449	0.450	0.870	0.839	0.998	0.966	0.128	0.153	0.169	0.175
11.relig	0.402	0.406	0.385	0.403	0.441	0.444	0.397	0.412	0.864	0.856	0.847	0.833
	(0.226)	(0.226)	(0.231)	(0.234)	(0.250)	(0.251)	(0.255)	(0.257)	(0.245)	(0.245)	(0.245)	(0.246)
	[-0.041 - 0.846]	[-0.037 - 0.850]	[-0.068 - 0.837]	[-0.055 - 0.861]	[-0.049 - 0.932]	[-0.047 - 0.935]	[-0.103 - 0.898]	[-0.092 - 0.916]	[0.383 - 1.344]	[0.376 - 1.336]	[0.367 - 1.328]	[0.352 - 1.314]
	0.075	0.072	0.096	0.085	0.078	0.076	0.120	0.109	0.000	0.000	0.001	0.001
12.relig	-0.184	-0.176	-0.190	-0.182	0.063	0.067	0.039	0.049	-0.103	-0.105	-0.107	-0.114
	(0.192)	(0.191)	(0.193)	(0.191)	(0.235)	(0.237)	(0.239)	(0.241)	(0.190)	(0.190)	(0.191)	(0.192)
	[-0.560 - 0.192]	[-0.551 - 0.198]	[-0.568 - 0.188]	[-0.556 - 0.191]	[-0.398 - 0.525]	[-0.398 - 0.531]	[-0.429 - 0.507]	[-0.423 - 0.521]	[-0.476 - 0.270]	[-0.477 - 0.268]	[-0.482 - 0.268]	[-0.490 - 0.262]
	0.338	0.356	0.323	0.339	0.788	0.778	0.871	0.840	0.588	0.581	0.577	0.554
13.relig	0.488	0.473	0.452	0.435	0.847	0.824	0.783	0.769	0.238	0.261	0.184	0.207
	(0.495)	(0.499)	(0.502)	(0.503)	(0.520)	(0.519)	(0.529)	(0.538)	(0.599)	(0.590)	(0.599)	(0.596)
	[-0.483 - 1.459]	[-0.505 - 1.451]	[-0.532 - 1.437]	[-0.551 - 1.421]	[-0.171 - 1.865]	[-0.194 - 1.842]	[-0.253 - 1.819]	[-0.286 - 1.823]	[-0.935 - 1.412]	[-0.896 - 1.418]	[-0.990 - 1.359]	[-0.962 - 1.376]
	0.324	0.343	0.368	0.387	0.103	0.113	0.138	0.153	0.690	0.659	0.759	0.728
14.relig	0.374	0.392	0.333	0.326	0.442	0.434	0.369	0.404	0.286	0.321	0.252	0.276
	(0.506)	(0.514)	(0.504)	(0.513)	(0.445)	(0.447)	(0.437)	(0.439)	(0.474)	(0.477)	(0.477)	(0.484)
	[-0.617 - 1.366]	[-0.614 - 1.399]	[-0.655 - 1.321]	[-0.679 - 1.331]	[-0.430 - 1.315]	[-0.443 - 1.311]	[-0.487 - 1.226]	[-0.456 - 1.265]	[-0.644 - 1.216]	[-0.614 - 1.256]	[-0.682 - 1.186]	[-0.673 - 1.225]
	0.459	0.445	0.509	0.525	0.320	0.332	0.398	0.357	0.546	0.501	0.597	0.569
15.relig	0.397	0.436	0.429	0.516	1.154	1.175	1.232	1.276	-0.590	-0.681	-0.551	-0.643
	(0.665)	(0.677)	(0.655)	(0.661)	(0.676)	(0.683)	(0.628)	(0.624)	(0.693)	(0.707)	(0.697)	(0.715)
	[-0.907 - 1.701]	[-0.891 - 1.763]	[-0.856 - 1.713]	[-0.780 - 1.812]	[-0.171 - 2.478]	[-0.165 - 2.514]	[0.001 - 2.463]	[0.054 - 2.498]	[-1.947 - 0.768]	[-2.066 - 0.705]	[-1.918 - 0.816]	[-2.045 - 0.759]
	0.550	0.520	0.513	0.435	0.088	0.086	0.050	0.041	0.395	0.335	0.430	0.369
2.educ4	0.393	0.417	0.418	0.457	-0.422	-0.417	-0.379	-0.358	-0.269	-0.268	-0.240	-0.265
	(0.358)	(0.354)	(0.358)	(0.355)	(0.378)	(0.374)	(0.381)	(0.376)	(0.285)	(0.287)	(0.285)	(0.286)
	[-0.308 - 1.093]	[-0.278 - 1.111]	[-0.285 - 1.120]	[-0.238 - 1.152]	[-1.162 - 0.319]	[-1.150 - 0.317]	[-1.126 - 0.367]	[-1.096 - 0.379]	[-0.829 - 0.290]	[-0.830 - 0.294]	[-0.799 - 0.318]	[-0.826 - 0.296]
	0.272	0.239	0.244	0.198	0.264	0.266	0.319	0.341	0.345	0.350	0.399	0.354
3.educ4	0.939	0.976	0.960	1.001	-0.089	-0.096	-0.055	-0.065	0.248	0.235	0.264	0.242
	(0.344)	(0.341)	(0.345)	(0.342)	(0.358)	(0.356)	(0.359)	(0.356)	(0.270)	(0.273)	(0.270)	(0.272)
	[0.263 - 1.614]	[0.307 - 1.645]	[0.285 - 1.636]	[0.332 - 1.671]	[-0.791 - 0.613]	[-0.794 - 0.602]	[-0.758 - 0.649]	[-0.762 - 0.633]	[-0.281 - 0.776]	[-0.300 - 0.770]	[-0.265 - 0.794]	[-0.292 - 0.776]
	0.006	0.004	0.005	0.003	0.803	0.788	0.879	0.856	0.359	0.389	0.328	0.374
4.educ4	1.278	1.317	1.305	1.346	0.669	0.667	0.715	0.722	0.920	0.923	0.938	0.927
	(0.360)	(0.357)	(0.360)	(0.357)	(0.373)	(0.370)	(0.373)	(0.369)	(0.289)	(0.291)	(0.289)	(0.290)
	[0.572 - 1.984]	[0.617 - 2.017]	[0.599 - 2.011]	[0.646 - 2.046]	[-0.062 - 1.400]	[-0.058 - 1.393]	[-0.016 - 1.445]	[-0.001 - 1.446]	[0.354 - 1.487]	[0.354 - 1.493]	[0.372 - 1.505]	[0.358 - 1.495]
	0.000	0.000	0.000	0.000	0.073	0.071	0.055	0.050	0.001	0.001	0.001	0.001
2.income	0.415	0.419	0.426	0.491	0.094	0.082	0.096	0.129	-0.943	-0.976	-0.904	-0.944
	(0.689)	(0.689)	(0.693)	(0.698)	(0.710)	(0.712)	(0.713)	(0.717)	(0.650)	(0.643)	(0.648)	(0.644)
	[-0.936 - 1.766]	[-0.931 - 1.770]	[-0.933 - 1.785]	[-0.876 - 1.859]	[-1.297 - 1.486]	[-1.314 - 1.477]	[-1.302 - 1.493]	[-1.277 - 1.534]	[-2.218 - 0.331]	[-2.238 - 0.285]	[-2.173 - 0.365]	[-2.207 - 0.319]
	0.547	0.543	0.539	0.481	0.894	0.909	0.893	0.858	0.147	0.129	0.163	0.143
3.income	-0.120	-0.111	-0.117	-0.062	-0.105	-0.114	-0.128	-0.112	-0.923	-0.948	-0.920	-0.948
	(0.687)	(0.690)	(0.689)	(0.702)	(0.708)	(0.705)	(0.700)	(0.710)	(0.633)	(0.622)	(0.635)	(0.621)
	[-1.466 - 1.227]	[-1.463 - 1.240]	[-1.467 - 1.233]	[-1.437 - 1.313]	[-1.493 - 1.283]	[-1.496 - 1.267]	[-1.499 - 1.243]	[-1.503 - 1.279]	[-2.164 - 0.317]	[-2.167 - 0.271]	[-2.165 - 0.324]	[-2.165 - 0.269]
	0.862	0.872	0.865	0.930	0.882	0.871	0.855	0.875	0.145	0.127	0.147	0.127
4.income	-0.453	-0.446	-0.437	-0.398	-0.780	-0.783	-0.767	-0.752	-0.615	-0.627	-0.590	-0.607
	(0.613)	(0.615)	(0.615)	(0.620)	(0.625)	(0.629)	(0.616)	(0.632)	(0.608)	(0.596)	(0.605)	(0.594)
	[-1.655 - 0.748]	[-1.650 - 0.759]	[-1.642 - 0.769]	[-1.614 - 0.818]	[-2.005 - 0.445]	[-2.016 - 0.451]	[-1.974 - 0.440]	[-1.991 - 0.486]	[-1.806 - 0.576]	[-1.796 - 0.542]	[-1.776 - 0.596]	[-1.770 - 0.557]
	0.460	0.468	0.478	0.521	0.212	0.214	0.213	0.234	0.312	0.293	0.329	0.307
5.income	0.103	0.122	0.095	0.149	-0.513	-0.491	-0.517	-0.468	-0.485	-0.534	-0.490	-0.532
	(0.619)	(0.626)	(0.619)	(0.631)	(0.633)	(0.645)	(0.614)	(0.632)	(0.568)	(0.559)	(0.567)	(0.556)
	[-1.111 - 1.316]	[-1.104 - 1.348]	[-1.118 - 1.308]	[-1.088 - 1.386]	[-1.755 - 0.728]	[-1.756 - 0.774]	[-1.721 - 0.686]	[-1.707 - 0.771]	[-1.599 - 0.629]	[-1.630 - 0.562]	[-1.602 - 0.622]	[-1.623 - 0.558]
	0.868	0.845	0.878	0.813	0.418	0.447	0.399	0.459	0.394	0.339	0.388	0.339
6.income	-0.378	-0.337	-0.360	-0.267	-0.374	-0.379	-0.342	-0.280	-0.868	-0.885	-0.841	-0.890
	(0.603)	(0.603)	(0.603)	(0.613)	(0.600)	(0.608)	(0.590)	(0.616)	(0.580)	(0.568)	(0.580)	(0.574)
	[-1.560 - 0.804]	[-1.519 - 0.845]	[-1.542 - 0.823]	[-1.468 - 0.935]	[-1.550 - 0.803]	[-1.571 - 0.813]	[-1.497 - 0.814]	[-1.487 - 0.927]	[-2.005 - 0.268]	[-1.998 - 0.228]	[-1.977 - 0.296]	[-2.015 - 0.234]
	0.531	0.577	0.551	0.663	0.534	0.533	0.562	0.649	0.134	0.119	0.147	0.121
7.income	-0.269	-0.235	-0.261	-0.191	-0.198	-0.209	-0.191	-0.172	-0.419	-0.459	-0.410	-0.455
	(0.606)	(0.607)	(0.607)	(0.614)	(0.599)	(0.603)	(0.586)	(0.598)	(0.586)	(0.578)	(0.586)	(0.580)
	[-1.457 - 0.919]	[-1.425 - 0.955]	[-1.451 - 0.929]	[-1.395 - 1.013]	[-1.372 - 0.976]	[-1.390 - 0.972]	[-1.338 - 0.957]	[-1.343 - 1.000]	[-1.567 - 0.730]	[-1.593 - 0.675]	[-1.560 - 0.739]	[-1.593 - 0.682]
	0.657	0.698	0.668	0.756	0.741	0.729	0.745	0.774	0.475	0.427	0.484	0.433
8.income	-0.378	-0.341	-0.376	-0.302	-0.365	-0.345	-0.378	-0.321	-0.791	-0.839	-0.778	-0.828
	(0.633)	(0.628)	(0.635)	(0.639)	(0.603)	(0.614)	(0.592)	(0.614)	(0.616)	(0.600)	(0.614)	(0.603)
	[-1.618 - 0.863]	[-1.572 - 0.890]	[-1.620 - 0.868]	[-1.555 - 0.951]	[-1.547 - 0.817]	[-1.548 - 0.858]	[-1.538 - 0.783]	[-1.525 - 0.884]	[-1.998 - 0.416]	[-2.015 - 0.337]	[-1.981 - 0.425]	[-2.010 - 0.355]
	0.551	0.587	0.554	0.636	0.545	0.574	0.523	0.602	0.199	0.162	0.205	0.170
9.income	-0.284	-0.286	-0.286	-0.230	-0.621	-0.619	-0.653	-0.619	-1.212	-1.247	-1.214	-1.251
	(0.606)	(0.604)	(0.607)	(0.613)	(0.589)	(0.600)	(0.576)	(0.599)	(0.564)	(0.555)	(0.562)	(0.556)
	[-1.471 - 0.902]	[-1.470 - 0.897]	[-1.475 - 0.903]	[-1.431 - 0.971]	[-1.776 - 0.533]	[-1.796 - 0.558]	[-1.783 - 0.476]	[-1.793 - 0.555]	[-2.316 - -0.107]	[-2.334 - -0.159]	[-2.316 - -0.112]	[-2.341 - -0.161]
	0.639	0.635	0.637	0.707	0.292	0.303	0.257	0.301	0.032	0.025	0.031	0.025
10.income	0.012	0.027	0.021	0.078	0.130	0.138	0.144	0.201	-0.594	-0.626	-0.577	-0.610
	(0.607)	(0.608)	(0.608)	(0.613)	(0.567)	(0.574)	(0.551)	(0.566)	(0.559)	(0.549)	(0.558)	(0.550)
	[-1.177 - 1.201]	[-1.164 - 1.219]	[-1.170 - 1.212]	[-1.124 - 1.280]	[-0.981 - 1.241]	[-0.987 - 1.263]	[-0.936 - 1.225]	[-0.909 - 1.310]	[-1.689 - 0.502]	[-1.701 - 0.449]	[-1.671 - 0.518]	[-1.687 - 0.467]
	0.984	0.964	0.972	0.899	0.819	0.810	0.794	0.723	0.288	0.254	0.302	0.267
11.income	-0.275	-0.244	-0.277	-0.198	-0.692	-0.681	-0.703	-0.647	-0.561	-0.617	-0.566	-0.626
	(0.596)	(0.597)	(0.596)	(0.605)	(0.573)	(0.581)	(0.558)	(0.575)	(0.576)	(0.566)	(0.575)	(0.568)
	[-1.442 - 0.893]	[-1.415 - 0.927]	[-1.446 - 0.892]	[-1.384 - 0.987]	[-1.816 - 0.431]	[-1.820 - 0.457]	[-1.796 - 0.391]	[-1.774 - 0.480]	[-1.689 - 0.568]	[-1.727 - 0.493]	[-1.694 - 0.562]	[-1.739 - 0.486]
	0.645	0.683	0.642	0.743	0.227	0.241	0.208	0.261	0.330	0.276	0.325	0.270
12.income	-0.184	-0.188	-0.202	-0.168	-0.128	-0.144	-0.181	-0.163	-0.714	-0.718	-0.723	-0.735
	(0.638)	(0.638)	(0.639)	(0.643)	(0.637)	(0.646)	(0.622)	(0.634)	(0.608)	(0.597)	(0.607)	(0.597)
	[-1.434 - 1.066]	[-1.438 - 1.063]	[-1.453 - 1.050]	[-1.428 - 1.093]	[-1.376 - 1.120]	[-1.411 - 1.123]	[-1.400 - 1.038]	[-1.405 - 1.080]	[-1.905 - 0.477]	[-1.888 - 0.453]	[-1.913 - 0.467]	[-1.906 - 0.435]
	0.773	0.769	0.752	0.794	0.841	0.824	0.771	0.798	0.240	0.230	0.234	0.218
13.income	0.281	0.309	0.286	0.356	0.056	0.036	0.044	0.066	-0.400	-0.426	-0.404	-0.443
	(0.600)	(0.603)	(0.601)	(0.611)	(0.564)	(0.571)	(0.547)	(0.565)	(0.571)	(0.559)	(0.569)	(0.560)
	[-0.895 - 1.457]	[-0.872 - 1.490]	[-0.892 - 1.463]	[-0.842 - 1.554]	[-1.050 - 1.162]	[-1.084 - 1.155]	[-1.028 - 1.117]	[-1.042 - 1.174]	[-1.520 - 0.719]	[-1.522 - 0.670]	[-1.520 - 0.712]	[-1.541 - 0.654]
	0.639	0.608	0.634	0.560	0.921	0.950	0.935	0.907	0.483	0.446	0.478	0.429
14.income	-0.070	-0.069	-0.058	-0.018	-0.283	-0.265	-0.279	-0.239	-0.724	-0.760	-0.707	-0.737
	(0.601)	(0.603)	(0.602)	(0.611)	(0.570)	(0.579)	(0.556)	(0.574)	(0.582)	(0.573)	(0.582)	(0.573)
	[-1.248 - 1.108]	[-1.251 - 1.113]	[-1.238 - 1.122]	[-1.215 - 1.178]	[-1.401 - 0.834]	[-1.399 - 0.869]	[-1.370 - 0.811]	[-1.364 - 0.886]	[-1.865 - 0.417]	[-1.883 - 0.363]	[-1.848 - 0.433]	[-1.860 - 0.386]
	0.907	0.909	0.924	0.976	0.619	0.647	0.616	0.677	0.214	0.185	0.224	0.198
15.income	-0.346	-0.329	-0.331	-0.276	-0.491	-0.460	-0.482	-0.431	-0.813	-0.839	-0.802	-0.840
	(0.628)	(0.631)	(0.628)	(0.638)	(0.600)	(0.608)	(0.589)	(0.606)	(0.594)	(0.586)	(0.593)	(0.586)
	[-1.578 - 0.885]	[-1.565 - 0.907]	[-1.563 - 0.901]	[-1.527 - 0.975]	[-1.667 - 0.684]	[-1.652 - 0.733]	[-1.636 - 0.672]	[-1.619 - 0.757]	[-1.977 - 0.352]	[-1.987 - 0.309]	[-1.965 - 0.360]	[-1.988 - 0.308]
	0.581	0.602	0.598	0.666	0.413	0.450	0.413	0.477	0.172	0.152	0.176	0.152
16.income	-0.179	-0.156	-0.174	-0.113	-0.411	-0.399	-0.409	-0.359	-0.647	-0.683	-0.648	-0.687
	(0.647)	(0.650)	(0.647)	(0.657)	(0.625)	(0.632)	(0.612)	(0.628)	(0.634)	(0.627)	(0.634)	(0.629)
	[-1.447 - 1.089]	[-1.430 - 1.117]	[-1.441 - 1.093]	[-1.402 - 1.175]	[-1.636 - 0.815]	[-1.638 - 0.839]	[-1.608 - 0.790]	[-1.590 - 0.873]	[-1.890 - 0.596]	[-1.911 - 0.545]	[-1.891 - 0.595]	[-1.919 - 0.545]
	0.782	0.810	0.788	0.863	0.511	0.527	0.504	0.568	0.308	0.276	0.307	0.275
17.income	0.964	1.001	0.976	1.086	0.911	0.938	0.898	0.972	-0.747	-0.792	-0.738	-0.813
	(0.714)	(0.718)	(0.710)	(0.711)	(0.708)	(0.728)	(0.689)	(0.721)	(0.713)	(0.701)	(0.704)	(0.700)
	[-0.435 - 2.363]	[-0.407 - 2.408]	[-0.416 - 2.368]	[-0.308 - 2.480]	[-0.477 - 2.299]	[-0.489 - 2.366]	[-0.453 - 2.248]	[-0.440 - 2.384]	[-2.144 - 0.650]	[-2.167 - 0.582]	[-2.117 - 0.642]	[-2.186 - 0.560]
	0.177	0.164	0.169	0.127	0.198	0.198	0.193	0.177	0.294	0.259	0.295	0.246
18.income	0.258	0.274	0.250	0.299	-0.210	-0.222	-0.251	-0.229	-0.021	-0.043	-0.045	-0.074
	(0.652)	(0.650)	(0.654)	(0.660)	(0.634)	(0.643)	(0.623)	(0.642)	(0.658)	(0.650)	(0.657)	(0.653)
	[-1.020 - 1.536]	[-1.001 - 1.549]	[-1.032 - 1.531]	[-0.994 - 1.592]	[-1.452 - 1.032]	[-1.482 - 1.038]	[-1.471 - 0.970]	[-1.486 - 1.029]	[-1.310 - 1.267]	[-1.317 - 1.232]	[-1.332 - 1.242]	[-1.354 - 1.207]
	0.692	0.674	0.702	0.651	0.741	0.730	0.687	0.722	0.974	0.948	0.946	0.910
2.housing	0.301	0.292	0.312	0.297	0.281	0.291	0.296	0.306	-0.090	-0.101	-0.083	-0.079
	(0.200)	(0.200)	(0.199)	(0.199)	(0.220)	(0.219)	(0.223)	(0.221)	(0.197)	(0.197)	(0.198)	(0.198)
	[-0.092 - 0.693]	[-0.100 - 0.684]	[-0.079 - 0.703]	[-0.093 - 0.686]	[-0.150 - 0.712]	[-0.137 - 0.720]	[-0.141 - 0.732]	[-0.126 - 0.739]	[-0.476 - 0.297]	[-0.487 - 0.286]	[-0.470 - 0.305]	[-0.466 - 0.309]
	0.133	0.144	0.118	0.136	0.201	0.182	0.184	0.165	0.649	0.610	0.676	0.691
3.housing	-0.081	-0.074	-0.076	-0.104	-0.079	-0.043	-0.093	-0.036	0.764	0.747	0.755	0.763
	(0.547)	(0.545)	(0.541)	(0.537)	(0.563)	(0.545)	(0.558)	(0.543)	(0.464)	(0.471)	(0.458)	(0.462)
	[-1.152 - 0.990]	[-1.141 - 0.994]	[-1.135 - 0.984]	[-1.156 - 0.948]	[-1.182 - 1.024]	[-1.112 - 1.026]	[-1.187 - 1.000]	[-1.099 - 1.028]	[-0.145 - 1.674]	[-0.176 - 1.670]	[-0.143 - 1.652]	[-0.143 - 1.669]
	0.882	0.892	0.889	0.846	0.888	0.937	0.867	0.948	0.100	0.113	0.100	0.099
2.home_type	-0.476	-0.467	-0.478	-0.457	-0.271	-0.293	-0.275	-0.267	-0.262	-0.220	-0.261	-0.255
	(0.236)	(0.236)	(0.237)	(0.240)	(0.271)	(0.276)	(0.269)	(0.272)	(0.238)	(0.238)	(0.239)	(0.237)
	[-0.938 - -0.013]	[-0.929 - -0.005]	[-0.941 - -0.014]	[-0.927 - 0.014]	[-0.802 - 0.260]	[-0.835 - 0.248]	[-0.803 - 0.252]	[-0.800 - 0.267]	[-0.728 - 0.205]	[-0.686 - 0.245]	[-0.730 - 0.207]	[-0.721 - 0.210]
	0.044	0.048	0.044	0.057	0.317	0.289	0.306	0.327	0.272	0.354	0.274	0.282
3.home_type	-0.490	-0.480	-0.508	-0.483	-0.562	-0.564	-0.607	-0.596	0.067	0.085	0.045	0.038
	(0.227)	(0.225)	(0.228)	(0.225)	(0.249)	(0.246)	(0.252)	(0.249)	(0.216)	(0.215)	(0.217)	(0.216)
	[-0.935 - -0.045]	[-0.921 - -0.039]	[-0.954 - -0.062]	[-0.925 - -0.042]	[-1.050 - -0.074]	[-1.047 - -0.081]	[-1.102 - -0.113]	[-1.084 - -0.109]	[-0.355 - 0.490]	[-0.336 - 0.505]	[-0.379 - 0.469]	[-0.386 - 0.462]
	0.031	0.033	0.026	0.032	0.024	0.022	0.016	0.017	0.755	0.693	0.835	0.859
4.home_type	0.850	0.878	0.840	0.873	0.497	0.493	0.483	0.478	0.197	0.200	0.175	0.162
	(0.356)	(0.354)	(0.356)	(0.356)	(0.372)	(0.373)	(0.377)	(0.378)	(0.342)	(0.348)	(0.342)	(0.347)
	[0.153 - 1.547]	[0.184 - 1.572]	[0.143 - 1.537]	[0.176 - 1.570]	[-0.233 - 1.227]	[-0.239 - 1.225]	[-0.256 - 1.222]	[-0.262 - 1.218]	[-0.474 - 0.867]	[-0.481 - 0.881]	[-0.496 - 0.846]	[-0.518 - 0.842]
	0.017	0.013	0.018	0.014	0.182	0.187	0.200	0.206	0.565	0.564	0.609	0.641
5.home_type	-1.299	-1.313	-1.274	-1.213	-1.514	-1.516	-1.349	-1.299	0.630	0.503	0.663	0.564
	(1.095)	(1.105)	(1.087)	(1.085)	(0.963)	(0.971)	(1.024)	(1.052)	(1.159)	(1.148)	(1.120)	(1.147)
	[-3.446 - 0.848]	[-3.480 - 0.853]	[-3.405 - 0.856]	[-3.339 - 0.913]	[-3.400 - 0.373]	[-3.419 - 0.387]	[-3.356 - 0.659]	[-3.360 - 0.762]	[-1.641 - 2.902]	[-1.747 - 2.753]	[-1.533 - 2.859]	[-1.684 - 2.812]
	0.236	0.235	0.241	0.264	0.116	0.118	0.188	0.217	0.587	0.661	0.554	0.623
1.internet	0.049	0.061	0.059	0.068	-0.154	-0.153	-0.141	-0.133	0.135	0.121	0.133	0.127
	(0.242)	(0.241)	(0.242)	(0.242)	(0.275)	(0.274)	(0.281)	(0.278)	(0.239)	(0.236)	(0.239)	(0.237)
	[-0.425 - 0.523]	[-0.412 - 0.534]	[-0.416 - 0.533]	[-0.405 - 0.542]	[-0.694 - 0.386]	[-0.690 - 0.385]	[-0.692 - 0.410]	[-0.678 - 0.412]	[-0.334 - 0.604]	[-0.341 - 0.584]	[-0.335 - 0.601]	[-0.338 - 0.593]
	0.839	0.800	0.808	0.777	0.575	0.577	0.617	0.633	0.572	0.607	0.578	0.592
2.phoneservice	-0.279	-0.324	-0.286	-0.332	-0.651	-0.684	-0.683	-0.759	0.392	0.397	0.379	0.405
	(0.359)	(0.355)	(0.361)	(0.357)	(0.371)	(0.368)	(0.375)	(0.369)	(0.339)	(0.334)	(0.338)	(0.337)
	[-0.982 - 0.425]	[-1.020 - 0.372]	[-0.993 - 0.421]	[-1.032 - 0.367]	[-1.378 - 0.077]	[-1.404 - 0.037]	[-1.419 - 0.053]	[-1.482 - -0.036]	[-0.272 - 1.056]	[-0.259 - 1.052]	[-0.284 - 1.042]	[-0.255 - 1.065]
	0.438	0.362	0.428	0.352	0.080	0.063	0.069	0.040	0.247	0.235	0.262	0.229
3.phoneservice	-0.068	-0.113	-0.076	-0.131	-0.446	-0.477	-0.495	-0.581	0.184	0.190	0.162	0.197
	(0.376)	(0.371)	(0.377)	(0.374)	(0.398)	(0.395)	(0.403)	(0.401)	(0.360)	(0.356)	(0.360)	(0.359)
	[-0.804 - 0.668]	[-0.841 - 0.614]	[-0.814 - 0.663]	[-0.864 - 0.602]	[-1.227 - 0.334]	[-1.251 - 0.298]	[-1.285 - 0.296]	[-1.368 - 0.206]	[-0.522 - 0.890]	[-0.507 - 0.887]	[-0.544 - 0.867]	[-0.506 - 0.900]
	0.857	0.760	0.841	0.726	0.262	0.228	0.220	0.148	0.609	0.592	0.654	0.583
4.phoneservice	-0.230	-0.274	-0.222	-0.268	-0.564	-0.602	-0.569	-0.650	0.502	0.508	0.500	0.528
	(0.356)	(0.352)	(0.358)	(0.354)	(0.374)	(0.370)	(0.379)	(0.371)	(0.334)	(0.331)	(0.334)	(0.333)
	[-0.929 - 0.468]	[-0.965 - 0.416]	[-0.924 - 0.481]	[-0.963 - 0.427]	[-1.297 - 0.170]	[-1.328 - 0.124]	[-1.311 - 0.173]	[-1.377 - 0.078]	[-0.154 - 1.158]	[-0.140 - 1.156]	[-0.155 - 1.155]	[-0.124 - 1.181]
	0.518	0.436	0.536	0.449	0.132	0.104	0.133	0.080	0.133	0.125	0.134	0.112
5.phoneservice	0.414	0.350	0.412	0.326	-1.629	-1.747	-1.726	-1.914	-0.023	-0.008	-0.108	-0.036
	(0.858)	(0.819)	(0.861)	(0.812)	(0.823)	(0.817)	(0.821)	(0.808)	(0.872)	(0.903)	(0.870)	(0.909)
	[-1.267 - 2.094]	[-1.255 - 1.954]	[-1.276 - 2.099]	[-1.266 - 1.917]	[-3.242 - -0.016]	[-3.348 - -0.147]	[-3.336 - -0.116]	[-3.498 - -0.331]	[-1.732 - 1.686]	[-1.778 - 1.763]	[-1.814 - 1.598]	[-1.818 - 1.746]
	0.630	0.669	0.632	0.688	0.048	0.032	0.036	0.018	0.979	0.993	0.901	0.968
52.device	-0.547	-0.534	-0.556	-0.529	-0.206	-0.218	-0.232	-0.238	-0.567	-0.560	-0.580	-0.595
	(0.154)	(0.153)	(0.155)	(0.154)	(0.171)	(0.171)	(0.171)	(0.171)	(0.155)	(0.155)	(0.155)	(0.156)
	[-0.849 - -0.244]	[-0.834 - -0.233]	[-0.860 - -0.252]	[-0.831 - -0.227]	[-0.542 - 0.130]	[-0.553 - 0.117]	[-0.568 - 0.104]	[-0.572 - 0.096]	[-0.870 - -0.264]	[-0.863 - -0.256]	[-0.884 - -0.277]	[-0.900 - -0.290]
	0.000	0.000	0.000	0.001	0.229	0.203	0.176	0.163	0.000	0.000	0.000	0.000
53.device	-0.079	-0.079	-0.085	-0.080	0.274	0.259	0.263	0.241	0.168	0.152	0.144	0.140
	(0.277)	(0.277)	(0.276)	(0.279)	(0.302)	(0.297)	(0.297)	(0.290)	(0.277)	(0.274)	(0.276)	(0.276)
	[-0.621 - 0.463]	[-0.621 - 0.462]	[-0.627 - 0.456]	[-0.625 - 0.466]	[-0.319 - 0.866]	[-0.323 - 0.842]	[-0.320 - 0.846]	[-0.328 - 0.809]	[-0.374 - 0.710]	[-0.385 - 0.688]	[-0.396 - 0.684]	[-0.401 - 0.682]
	0.775	0.774	0.757	0.775	0.365	0.383	0.376	0.406	0.544	0.580	0.601	0.612
2.durint	-1.374	-1.311	-1.391	-1.273	-1.456	-1.513	-1.460	-1.456	0.811	0.753	0.787	0.698
	(0.760)	(0.755)	(0.756)	(0.755)	(0.751)	(0.731)	(0.754)	(0.733)	(0.703)	(0.693)	(0.699)	(0.694)
	[-2.865 - 0.116]	[-2.791 - 0.168]	[-2.873 - 0.091]	[-2.752 - 0.206]	[-2.927 - 0.016]	[-2.946 - -0.080]	[-2.937 - 0.018]	[-2.893 - -0.019]	[-0.566 - 2.189]	[-0.605 - 2.112]	[-0.584 - 2.158]	[-0.662 - 2.058]
	0.071	0.082	0.066	0.092	0.053	0.038	0.053	0.047	0.248	0.277	0.260	0.314
3.durint	-1.476	-1.405	-1.490	-1.371	-1.365	-1.416	-1.362	-1.367	0.901	0.849	0.884	0.801
	(0.769)	(0.763)	(0.765)	(0.763)	(0.762)	(0.743)	(0.764)	(0.744)	(0.715)	(0.705)	(0.712)	(0.706)
	[-2.984 - 0.031]	[-2.901 - 0.091]	[-2.990 - 0.009]	[-2.866 - 0.124]	[-2.860 - 0.129]	[-2.872 - 0.039]	[-2.860 - 0.136]	[-2.824 - 0.090]	[-0.502 - 2.303]	[-0.533 - 2.231]	[-0.512 - 2.280]	[-0.583 - 2.185]
	0.055	0.066	0.051	0.072	0.073	0.057	0.075	0.066	0.208	0.229	0.215	0.257
4.durint	-1.310	-1.196	-1.325	-1.146	-1.885	-1.941	-1.888	-1.889	0.535	0.408	0.509	0.373
	(0.817)	(0.813)	(0.812)	(0.811)	(0.839)	(0.822)	(0.840)	(0.818)	(0.767)	(0.755)	(0.762)	(0.756)
	[-2.912 - 0.292]	[-2.789 - 0.398]	[-2.916 - 0.266]	[-2.736 - 0.443]	[-3.530 - -0.239]	[-3.552 - -0.331]	[-3.534 - -0.243]	[-3.493 - -0.286]	[-0.968 - 2.037]	[-1.071 - 1.888]	[-0.984 - 2.002]	[-1.109 - 1.855]
	0.109	0.141	0.103	0.158	0.025	0.018	0.024	0.021	0.486	0.588	0.504	0.622
5.durint	-1.635	-1.589	-1.662	-1.560	-2.070	-2.157	-2.090	-2.131	0.731	0.681	0.698	0.618
	(0.798)	(0.791)	(0.794)	(0.791)	(0.825)	(0.800)	(0.825)	(0.802)	(0.740)	(0.728)	(0.737)	(0.730)
	[-3.200 - -0.071]	[-3.140 - -0.038]	[-3.218 - -0.107]	[-3.111 - -0.010]	[-3.687 - -0.453]	[-3.725 - -0.588]	[-3.706 - -0.473]	[-3.702 - -0.559]	[-0.720 - 2.181]	[-0.747 - 2.108]	[-0.746 - 2.143]	[-0.813 - 2.049]
	0.040	0.045	0.036	0.049	0.012	0.007	0.011	0.008	0.323	0.350	0.343	0.398
2.treat	-0.413	-0.371	-0.398	-0.263	-0.339	-0.286	-0.314	-0.371	-0.203	-0.468	-0.182	-0.392
	(0.163)	(0.271)	(0.163)	(0.408)	(0.178)	(0.291)	(0.179)	(0.420)	(0.164)	(0.259)	(0.164)	(0.365)
	[-0.733 - -0.093]	[-0.903 - 0.160]	[-0.717 - -0.079]	[-1.064 - 0.537]	[-0.688 - 0.010]	[-0.856 - 0.284]	[-0.665 - 0.037]	[-1.194 - 0.452]	[-0.525 - 0.118]	[-0.976 - 0.041]	[-0.503 - 0.138]	[-1.106 - 0.323]
	0.011	0.171	0.015	0.519	0.057	0.325	0.079	0.377	0.215	0.071	0.265	0.283
3.treat	-0.240	-0.372	-0.237	-0.441	-0.258	-0.413	-0.255	-0.863	0.047	-0.116	0.051	0.117
	(0.161)	(0.279)	(0.161)	(0.427)	(0.182)	(0.301)	(0.184)	(0.478)	(0.166)	(0.276)	(0.166)	(0.390)
	[-0.555 - 0.075]	[-0.918 - 0.175]	[-0.552 - 0.078]	[-1.279 - 0.396]	[-0.616 - 0.099]	[-1.003 - 0.178]	[-0.616 - 0.105]	[-1.801 - 0.074]	[-0.278 - 0.372]	[-0.656 - 0.425]	[-0.273 - 0.376]	[-0.648 - 0.882]
	0.135	0.183	0.140	0.302	0.157	0.171	0.165	0.071	0.777	0.675	0.756	0.764
1.partyid3	-0.087	-0.197			-0.017	0.059			0.090	-0.177		
	(0.163)	(0.260)			(0.169)	(0.272)			(0.163)	(0.270)		
	[-0.406 - 0.232]	[-0.706 - 0.313]			[-0.348 - 0.315]	[-0.475 - 0.592]			[-0.228 - 0.409]	[-0.705 - 0.352]		
	0.592	0.449			0.921	0.830			0.578	0.513		
3.partyid3	-0.246	-0.179			-0.591	-0.831			-0.349	-0.533		
	(0.170)	(0.284)			(0.223)	(0.390)			(0.167)	(0.289)		
	[-0.579 - 0.088]	[-0.736 - 0.378]			[-1.027 - -0.155]	[-1.595 - -0.067]			[-0.677 - -0.021]	[-1.101 - 0.034]		
	0.149	0.530			0.008	0.033			0.037	0.066		
1b.treat#1o.partyid3		0.000				0.000				0.000		
		(0.000)				(0.000)				(0.000)		
		[0.000 - 0.000]				[0.000 - 0.000]				[0.000 - 0.000]		
		.				.				.		
1b.treat#2b.partyid3		0.000				0.000				0.000		
		(0.000)				(0.000)				(0.000)		
		[0.000 - 0.000]				[0.000 - 0.000]				[0.000 - 0.000]		
		.				.				.		
1b.treat#3o.partyid3		0.000				0.000				0.000		
		(0.000)				(0.000)				(0.000)		
		[0.000 - 0.000]				[0.000 - 0.000]				[0.000 - 0.000]		
		.				.				.		
2.treat#1.partyid3		0.171				-0.214				0.350		
		(0.377)				(0.408)				(0.379)		
		[-0.567 - 0.909]				[-1.013 - 0.586]				[-0.393 - 1.093]		
		0.650				0.600				0.356		
2o.treat#2b.partyid3		0.000				0.000				0.000		
		(0.000)				(0.000)				(0.000)		
		[0.000 - 0.000]				[0.000 - 0.000]				[0.000 - 0.000]		
		.				.				.		
2.treat#3.partyid3		-0.412				0.058				0.548		
		(0.396)				(0.502)				(0.399)		
		[-1.189 - 0.365]				[-0.925 - 1.041]				[-0.234 - 1.331]		
		0.299				0.908				0.170		
3.treat#1.partyid3		0.217				-0.031				0.493		
		(0.391)				(0.413)				(0.397)		
		[-0.550 - 0.984]				[-0.842 - 0.779]				[-0.285 - 1.271]		
		0.579				0.939				0.215		
3o.treat#2b.partyid3		0.000				0.000				0.000		
		(0.000)				(0.000)				(0.000)		
		[0.000 - 0.000]				[0.000 - 0.000]				[0.000 - 0.000]		
		.				.				.		
3.treat#3.partyid3		0.175				0.709				0.022		
		(0.402)				(0.523)				(0.399)		
		[-0.612 - 0.962]				[-0.316 - 1.734]				[-0.760 - 0.804]		
		0.663				0.175				0.957		
1.partyid3l			-0.123	-0.231			-0.166	-0.278			0.107	0.050
			(0.210)	(0.332)			(0.215)	(0.336)			(0.190)	(0.330)
			[-0.534 - 0.289]	[-0.883 - 0.420]			[-0.587 - 0.254]	[-0.936 - 0.380]			[-0.266 - 0.479]	[-0.596 - 0.696]
			0.559	0.487			0.439	0.407			0.574	0.879
3.partyid3l			-0.301	-0.177			-0.692	-1.081			-0.323	-0.425
			(0.214)	(0.353)			(0.253)	(0.412)			(0.194)	(0.347)
			[-0.721 - 0.119]	[-0.869 - 0.515]			[-1.188 - -0.195]	[-1.888 - -0.274]			[-0.703 - 0.058]	[-1.105 - 0.255]
			0.160	0.617			0.006	0.009			0.096	0.221
1b.treat#1o.partyid3l				0.000				0.000				0.000
				(0.000)				(0.000)				(0.000)
				[0.000 - 0.000]				[0.000 - 0.000]				[0.000 - 0.000]
				.				.				.
1b.treat#2b.partyid3l				0.000				0.000				0.000
				(0.000)				(0.000)				(0.000)
				[0.000 - 0.000]				[0.000 - 0.000]				[0.000 - 0.000]
				.				.				.
1b.treat#3o.partyid3l				0.000				0.000				0.000
				(0.000)				(0.000)				(0.000)
				[0.000 - 0.000]				[0.000 - 0.000]				[0.000 - 0.000]
				.				.				.
2.treat#1.partyid3l				0.108				-0.017				0.108
				(0.465)				(0.484)				(0.439)
				[-0.804 - 1.020]				[-0.965 - 0.931]				[-0.751 - 0.968]
				0.817				0.972				0.805
2o.treat#2b.partyid3l				0.000				0.000				0.000
				(0.000)				(0.000)				(0.000)
				[0.000 - 0.000]				[0.000 - 0.000]				[0.000 - 0.000]
				.				.				.
2.treat#3.partyid3l				-0.503				0.169				0.431
				(0.477)				(0.556)				(0.453)
				[-1.437 - 0.432]				[-0.920 - 1.258]				[-0.457 - 1.319]
				0.292				0.761				0.341
3.treat#1.partyid3l				0.307				0.472				0.021
				(0.493)				(0.538)				(0.464)
				[-0.658 - 1.273]				[-0.583 - 1.527]				[-0.889 - 0.931]
				0.533				0.380				0.964
3o.treat#2b.partyid3l				0.000				0.000				0.000
				(0.000)				(0.000)				(0.000)
				[0.000 - 0.000]				[0.000 - 0.000]				[0.000 - 0.000]
				.				.				.
3.treat#3.partyid3l				0.167				1.166				-0.170
				(0.495)				(0.592)				(0.464)
				[-0.803 - 1.138]				[0.006 - 2.327]				[-1.079 - 0.739]
				0.735				0.049				0.714
col					.	.	.	.				
					(.)	(.)	(.)	(.)				
					[. - .]	[. - .]	[. - .]	[. - .]				
					.	.	.	.				
lib									.	.	.	.
									(.)	(.)	(.)	(.)
									[. - .]	[. - .]	[. - .]	[. - .]
									.	.	.	.
Constant	2.129	2.024	2.194	2.010	1.954	2.067	2.103	2.392	0.643	0.956	0.700	0.895
	(1.075)	(1.087)	(1.080)	(1.123)	(1.079)	(1.088)	(1.094)	(1.118)	(1.052)	(1.060)	(1.054)	(1.091)
	[0.022 - 4.237]	[-0.107 - 4.155]	[0.078 - 4.310]	[-0.192 - 4.212]	[-0.162 - 4.070]	[-0.066 - 4.199]	[-0.041 - 4.248]	[0.200 - 4.584]	[-1.418 - 2.705]	[-1.121 - 3.033]	[-1.366 - 2.766]	[-1.243 - 3.033]
	0.048	0.063	0.042	0.074	0.070	0.058	0.055	0.032	0.541	0.367	0.507	0.412
												
Observations	2,009	2,009	2,009	2,009	2,005	2,005	2,005	2,005	2,002	2,002	2,002	2,002
Robust standard errors in brackets												
