	(1)	(2)	(3)	(4)	(5)	(6)	(7)	(8)	(9)	(10)	(11)	(12)	(13)	(14)	(15)	(16)	(17)	(18)	(19)	(20)	(21)	(22)	(23)	(24)	(25)	(26)	(27)	(28)	(29)	(30)	(31)	(32)	(33)	(34)	(35)	(36)	(37)	(38)	(39)	(40)	(41)	(42)
	spk_r2	spk_r3	spk_r3d1	spk_r3d2	spk_r4	spk_r5	spk_r6	spk_r2l	spk_r3l	spk_r3ld1	spk_r3ld2	spk_r4l	spk_r5l	spk_r6l	col_r2	col_r3	col_r3d1	col_r3d2	col_r4	col_r5	col_r6	col_r2l	col_r3l	col_r3ld1	col_r3ld2	col_r4l	col_r5l	col_r6l	lib_r2	lib_r3	lib_r3d1	lib_r3d2	lib_r4	lib_r5	lib_r6	lib_r2l	lib_r3l	lib_r3ld1	lib_r3ld2	lib_r4l	lib_r5l	lib_r6l
VARIABLES	y1	y1	y1	y1	y1			y1	y1	y1	y1	y1			y1	y1	y1	y1	y1			y1	y1	y1	y1	y1			y1	y1	y1	y1	y1			y1	y1	y1	y1	y1		
																																										
1bno._at						0.0	0.0						0.0	0.0						0.0	0.0						0.0	0.0						0.0	0.0						0.0	0.0
						(0.0)	(0.0)						(0.0)	(0.0)						(0.0)	(0.0)						(0.0)	(0.0)						(0.0)	(0.0)						(0.0)	(0.0)
						[0.000 - 0.000]	[0.000 - 0.000]						[0.000 - 0.000]	[0.000 - 0.000]						[0.000 - 0.000]	[0.000 - 0.000]						[0.000 - 0.000]	[0.000 - 0.000]						[0.000 - 0.000]	[0.000 - 0.000]						[0.000 - 0.000]	[0.000 - 0.000]
						.	.						.	.						.	.						.	.						.	.						.	.
2o._at						0.0	0.0						0.0	0.0						0.0	0.0						0.0	0.0						0.0	0.0						0.0	0.0
						(0.0)	(0.0)						(0.0)	(0.0)						(0.0)	(0.0)						(0.0)	(0.0)						(0.0)	(0.0)						(0.0)	(0.0)
						[0.000 - 0.000]	[0.000 - 0.000]						[0.000 - 0.000]	[0.000 - 0.000]						[0.000 - 0.000]	[0.000 - 0.000]						[0.000 - 0.000]	[0.000 - 0.000]						[0.000 - 0.000]	[0.000 - 0.000]						[0.000 - 0.000]	[0.000 - 0.000]
						.	.						.	.						.	.						.	.						.	.						.	.
3o._at						0.0	0.0						0.0	0.0						0.0	0.0						0.0	0.0						0.0	0.0						0.0	0.0
						(0.0)	(0.0)						(0.0)	(0.0)						(0.0)	(0.0)						(0.0)	(0.0)						(0.0)	(0.0)						(0.0)	(0.0)
						[0.000 - 0.000]	[0.000 - 0.000]						[0.000 - 0.000]	[0.000 - 0.000]						[0.000 - 0.000]	[0.000 - 0.000]						[0.000 - 0.000]	[0.000 - 0.000]						[0.000 - 0.000]	[0.000 - 0.000]						[0.000 - 0.000]	[0.000 - 0.000]
						.	.						.	.						.	.						.	.						.	.						.	.
1bn._at						6.1	1.1						1.2	-4.0						-17.0	-9.9						-15.6	-9.0						-11.9	12.8						-11.2	7.5
						(6.2)	(6.5)						(7.9)	(5.7)						(5.9)	(5.8)						(7.3)	(5.0)						(6.4)	(6.6)						(5.6)	(5.7)
						[-0.060 - 0.183]	[-0.191 - 0.065]						[-0.142 - 0.167]	[-0.151 - 0.072]						[-0.282 - -0.059]	[-0.229 - 0.012]						[-0.255 - -0.057]	[-0.190 - 0.016]						[-0.244 - 0.006]	[0.007 - 0.248]						[-0.246 - -0.028]	[-0.179 - 0.045]
						0.322	0.879						0.842	0.981						0.744	0.086						0.875	0.072						0.950	0.038						0.014	0.162
2._at						4.7	-7.7						1.9	-7.7						-8.6	-4.5						6.8	-12.6						-3.9	-0.7						-6.8	-2.3
						(6.5)	(6.2)						(5.8)	(9.7)						(5.8)	(5.5)						(4.7)	(8.0)						(6.7)	(6.7)						(6.2)	(9.3)
						[-0.081 - 0.175]	[-0.199 - 0.045]						[-0.128 - 0.166]	[-0.267 - 0.113]						[-0.194 - 0.022]	[-0.176 - 0.042]						[-0.191 - -0.007]	[-0.199 - 0.137]						[-0.143 - 0.118]	[-0.200 - 0.047]						[-0.216 - 0.080]	[-0.149 - 0.244]
						0.472	0.206						0.799	0.722						0.119	0.231						0.330	0.118						0.848	0.225						0.190	0.801
3._at						-3.1	-2.1						-5.4	-14.3						-3.8	3.3						-2.4	3.9						-24.7	-0.0						-21.1	0.1
						(7.2)	(7.0)						(6.5)	(6.1)						(5.4)	(5.0)						(6.1)	(4.5)						(6.7)	(7.0)						(8.2)	(6.2)
						[-0.173 - 0.110]	[-0.157 - 0.115]						[-0.224 - 0.098]	[-0.164 - 0.077]						[-0.149 - 0.072]	[-0.076 - 0.143]						[-0.144 - 0.095]	[-0.061 - 0.140]						[-0.261 - -0.001]	[-0.116 - 0.157]						[-0.301 - 0.021]	[-0.120 - 0.122]
						0.663	0.065						0.440	0.013						0.811	0.628						0.688	0.440						0.048	0.996						0.089	0.857
1bn._at						-2.5	-6.3						-1.1	-0.1						-1.9	-10.9						1.1	-8.7						0.4	-6.0						-13.7	-6.7
						(6.4)	(6.9)						(5.6)	(6.0)						(5.7)	(6.2)						(5.1)	(5.2)						(6.2)	(6.1)						(7.9)	(5.4)
						[-0.150 - 0.100]	[-0.126 - 0.147]						[-0.121 - 0.099]	[-0.118 - 0.116]						[-0.135 - 0.097]	[-0.212 - 0.014]						[-0.131 - 0.154]	[-0.188 - 0.008]						[-0.119 - 0.126]	[-0.189 - 0.070]						[-0.266 - 0.043]	[-0.030 - 0.181]
						0.695	0.333						0.876	0.483						0.003	0.078						0.002	0.096						0.062	0.366						0.157	0.240
2._at						-8.3	-8.2						-11.4	-3.3						4.4	-6.7						-9.9	-3.1						-1.3	-7.6						-8.1	4.7
						(6.7)	(6.5)						(7.5)	(9.3)						(5.5)	(5.6)						(7.0)	(8.6)						(7.2)	(6.3)						(7.5)	(10.0)
						[-0.215 - 0.049]	[-0.210 - 0.045]						[-0.228 - -0.000]	[-0.215 - 0.149]						[-0.070 - 0.158]	[-0.154 - 0.064]						[-0.069 - 0.204]	[-0.284 - 0.032]						[-0.180 - 0.102]	[-0.139 - 0.125]						[-0.201 - 0.040]	[-0.206 - 0.159]
						0.217	0.214						0.050	0.426						0.447	0.418						0.035	0.718						0.588	0.916						0.368	0.638
3._at						-5.6	-12.1						-6.3	-4.4						1.3	-2.4						-2.7	-3.0						-13.1	2.0						-14.0	-1.1
						(7.5)	(6.6)						(8.2)	(5.7)						(5.6)	(5.6)						(5.0)	(5.1)						(6.6)	(6.9)						(6.0)	(6.0)
						[-0.203 - 0.091]	[-0.250 - 0.008]						[-0.180 - 0.073]	[-0.255 - -0.030]						[-0.093 - 0.119]	[-0.122 - 0.074]						[-0.126 - 0.072]	[-0.118 - 0.058]						[-0.379 - -0.115]	[-0.136 - 0.136]						[-0.329 - -0.094]	[-0.129 - 0.107]
						0.452	0.764						0.408	0.476						0.497	0.551						0.592	0.504						0.000	0.770						0.000	0.989
1bn.treat		48.4							48.2							28.3							28.1							52.9							52.5					
		(2.6)							(2.6)							(2.4)							(2.4)							(2.6)							(2.6)					
		[0.433 - 0.536]							[0.430 - 0.533]							[0.236 - 0.330]							[0.234 - 0.328]							[0.478 - 0.581]							[0.474 - 0.577]					
		0.000							0.000							0.000							0.000							0.000							0.000					
2.treat		40.0	-8.5						40.5	-7.6						22.2	-6.1						22.6	-5.5						48.5	-4.4						48.8	-3.7				
		(2.7)	(3.7)						(2.6)	(3.7)						(2.3)	(3.3)						(2.2)	(3.3)						(2.8)	(3.8)						(2.8)	(3.8)				
		[0.348 - 0.452]	[-0.158 - -0.011]						[0.353 - 0.457]	[-0.150 - -0.003]						[0.178 - 0.267]	[-0.125 - 0.004]						[0.182 - 0.270]	[-0.119 - 0.010]						[0.431 - 0.539]	[-0.119 - 0.031]						[0.434 - 0.542]	[-0.112 - 0.037]				
		0.000	0.023						0.000	0.040						0.000	0.065						0.000	0.095						0.000	0.248						0.000	0.324				
3.treat		45.0	-3.4	5.1					44.9	-3.2	4.4					23.3	-5.0	1.1					23.2	-4.9	0.6					57.0	4.0	8.4					56.8	4.2	8.0			
		(2.9)	(3.9)	(4.0)					(2.9)	(3.9)	(4.0)					(2.3)	(3.3)	(3.2)					(2.2)	(3.3)	(3.2)					(2.8)	(3.8)	(3.9)					(2.8)	(3.8)	(3.9)			
		[0.393 - 0.508]	[-0.111 - 0.043]	[-0.027 - 0.128]					[0.392 - 0.507]	[-0.109 - 0.045]	[-0.033 - 0.122]					[0.189 - 0.277]	[-0.114 - 0.014]	[-0.052 - 0.073]					[0.187 - 0.276]	[-0.114 - 0.015]	[-0.057 - 0.068]					[0.515 - 0.624]	[-0.035 - 0.115]	[0.008 - 0.161]					[0.513 - 0.622]	[-0.033 - 0.117]	[0.003 - 0.157]			
		0.000	0.388	0.202					0.000	0.413	0.263					0.000	0.128	0.736					0.000	0.134	0.861					0.000	0.294	0.031					0.000	0.270	0.042			
2.partyid3	2.3				2.8										0.8				1.2										-5.1				-4.3									
	(3.8)				(3.8)										(3.3)				(3.3)										(3.8)				(3.8)									
	[-0.052 - 0.098]				[-0.047 - 0.103]										[-0.058 - 0.074]				[-0.053 - 0.077]										[-0.126 - 0.024]				[-0.117 - 0.030]									
	0.548				0.465										0.814				0.724										0.183				0.249									
3.partyid3	-5.2				-5.4										-10.3				-10.2										-13.6				-13.2									
	(4.0)				(3.9)										(3.3)				(3.3)										(4.0)				(3.9)									
	[-0.130 - 0.026]				[-0.131 - 0.023]										[-0.168 - -0.038]				[-0.165 - -0.038]										[-0.214 - -0.058]				[-0.209 - -0.056]									
	0.193				0.172										0.002				0.002										0.001				0.001									
1.treat				8.5							7.6							6.1							5.5							4.4							3.7			
				(3.7)							(3.7)							(3.3)							(3.3)							(3.8)							(3.8)			
				[0.011 - 0.158]							[0.003 - 0.150]							[-0.004 - 0.125]							[-0.010 - 0.119]							[-0.031 - 0.119]							[-0.037 - 0.112]			
				0.023							0.040							0.065							0.095							0.248							0.324			
2.partyid3l								-0.9				-0.9										1.9				1.9										-11.0				-10.6		
								(4.5)				(4.5)										(4.0)				(4.0)										(4.5)				(4.6)		
								[-0.098 - 0.079]				[-0.098 - 0.080]										[-0.059 - 0.098]				[-0.059 - 0.097]										[-0.199 - -0.022]				[-0.195 - -0.017]		
								0.834				0.846										0.631				0.630										0.015				0.020		
3.partyid3l								-5.9				-5.8										-9.9				-9.7										-14.4				-14.1		
								(3.4)				(3.4)										(2.9)				(2.9)										(3.4)				(3.4)		
								[-0.127 - 0.008]				[-0.126 - 0.009]										[-0.155 - -0.042]				[-0.153 - -0.041]										[-0.211 - -0.076]				[-0.208 - -0.074]		
								0.085				0.089										0.001				0.001										0.000				0.000		
																																										
Observations	2,009	2,009	2,009	2,009	2,009	2,009	2,009	2,009	2,009	2,009	2,009	2,009	2,009	2,009	2,005	2,005	2,005	2,005	2,005	2,005	2,005	2,005	2,005	2,005	2,005	2,005	2,005	2,005	2,002	2,002	2,002	2,002	2,002	2,002	2,002	2,002	2,002	2,002	2,002	2,002	2,002	2,002
Standard errors in brackets																																										
