	(1)	(2)	(3)	(4)	(5)	(6)	(7)	(8)	(9)	(10)	(11)	(12)	(13)	(14)	(15)	(16)	(17)	(18)	(19)	(20)	(21)	(22)	(23)	(24)	(25)	(26)	(27)	(28)	(29)	(30)	(31)	(32)	(33)	(34)	(35)	(36)	(37)	(38)	(39)	(40)	(41)	(42)	(43)	(44)	(45)	(46)	(47)	(48)	(49)	(50)	(51)	(52)	(53)	(54)	(55)	(56)	(57)	(58)	(59)	(60)	(61)	(62)	(63)	(64)	(65)	(66)	(67)	(68)	(69)	(70)	(71)	(72)	(73)	(74)	(75)	(76)	(77)	(78)	(79)	(80)	(81)	(82)	(83)	(84)	(85)	(86)	(87)	(88)	(89)	(90)	(91)	(92)	(93)	(94)	(95)	(96)	(97)	(98)	(99)	(100)	(101)	(102)	(103)	(104)	(105)	(106)	(107)	(108)
	spk_r1d1				spk_r1d1				spk_r1d1				spk_r1d1				spk_r1d1				spk_r1d1				spk_r1d1				spk_r1d1				spk_r1d1				spk_r1d1				spk_r1d1				spk_r1d1				spk_r1d1				spk_r1d1				spk_r1d1				spk_r1d1				spk_r1d1				spk_r1d1				spk_r1d1				spk_r1d1				spk_r1d1				spk_r1d1				spk_r1d1				spk_r1d1				spk_r1d1				spk_r1d1				spk_r1d1			
VARIABLES	y1	se	ci	pval	y1	se	ci	pval	y1	se	ci	pval	y1	se	ci	pval	y1	se	ci	pval	y1	se	ci	pval	y1	se	ci	pval	y1	se	ci	pval	y1	se	ci	pval	y1	se	ci	pval	y1	se	ci	pval	y1	se	ci	pval	y1	se	ci	pval	y1	se	ci	pval	y1	se	ci	pval	y1	se	ci	pval	y1	se	ci	pval	y1	se	ci	pval	y1	se	ci	pval	y1	se	ci	pval	y1	se	ci	pval	y1	se	ci	pval	y1	se	ci	pval	y1	se	ci	pval	y1	se	ci	pval	y1	se	ci	pval	y1	se	ci	pval
																																																																																																												
2.region4	2.4	(4.6)	[-0.067 - 0.115]	0.605	2.4	(4.6)	[-0.067 - 0.115]	0.605					2.6	(4.7)	[-0.066 - 0.118]	0.577	2.6	(4.7)	[-0.066 - 0.118]	0.577					2.6	(4.6)	[-0.065 - 0.117]	0.575	2.6	(4.6)	[-0.065 - 0.117]	0.575					4.6	(4.2)	[-0.036 - 0.127]	0.269	4.6	(4.2)	[-0.036 - 0.127]	0.269					5.4	(4.2)	[-0.028 - 0.136]	0.201	5.4	(4.2)	[-0.028 - 0.136]	0.201					5.1	(4.2)	[-0.031 - 0.132]	0.222	5.1	(4.2)	[-0.031 - 0.132]	0.222					-0.3	(4.4)	[-0.090 - 0.083]	0.938	-0.3	(4.4)	[-0.090 - 0.083]	0.938					-0.2	(4.4)	[-0.088 - 0.084]	0.966	-0.2	(4.4)	[-0.088 - 0.084]	0.966					0.2	(4.4)	[-0.084 - 0.087]	0.970	0.2	(4.4)	[-0.084 - 0.087]	0.970				
3.region4	-0.9	(4.5)	[-0.097 - 0.079]	0.842	-0.9	(4.5)	[-0.097 - 0.079]	0.842					-0.1	(4.5)	[-0.090 - 0.087]	0.976	-0.1	(4.5)	[-0.090 - 0.087]	0.976					-0.1	(4.5)	[-0.089 - 0.087]	0.985	-0.1	(4.5)	[-0.089 - 0.087]	0.985					1.9	(3.8)	[-0.056 - 0.093]	0.621	1.9	(3.8)	[-0.056 - 0.093]	0.621					3.5	(3.9)	[-0.041 - 0.110]	0.371	3.5	(3.9)	[-0.041 - 0.110]	0.371					3.4	(3.9)	[-0.041 - 0.110]	0.374	3.4	(3.9)	[-0.041 - 0.110]	0.374					-8.9	(4.2)	[-0.171 - -0.007]	0.032	-8.9	(4.2)	[-0.171 - -0.007]	0.032					-8.2	(4.2)	[-0.165 - 0.001]	0.052	-8.2	(4.2)	[-0.165 - 0.001]	0.052					-8.2	(4.2)	[-0.164 - 0.001]	0.052	-8.2	(4.2)	[-0.164 - 0.001]	0.052				
4.region4	3.6	(4.9)	[-0.060 - 0.132]	0.461	3.6	(4.9)	[-0.060 - 0.132]	0.461					4.1	(4.9)	[-0.056 - 0.138]	0.406	4.1	(4.9)	[-0.056 - 0.138]	0.406					4.0	(4.9)	[-0.056 - 0.136]	0.411	4.0	(4.9)	[-0.056 - 0.136]	0.411					6.8	(4.2)	[-0.014 - 0.151]	0.105	6.8	(4.2)	[-0.014 - 0.151]	0.105					8.0	(4.2)	[-0.003 - 0.163]	0.059	8.0	(4.2)	[-0.003 - 0.163]	0.059					8.1	(4.2)	[-0.002 - 0.164]	0.056	8.1	(4.2)	[-0.002 - 0.164]	0.056					2.7	(4.5)	[-0.062 - 0.115]	0.556	2.7	(4.5)	[-0.062 - 0.115]	0.556					3.0	(4.5)	[-0.059 - 0.119]	0.509	3.0	(4.5)	[-0.059 - 0.119]	0.509					3.0	(4.5)	[-0.058 - 0.117]	0.509	3.0	(4.5)	[-0.058 - 0.117]	0.509				
1.metro	2.6	(4.9)	[-0.069 - 0.121]	0.592	2.6	(4.9)	[-0.069 - 0.121]	0.592					2.8	(4.8)	[-0.067 - 0.123]	0.561	2.8	(4.8)	[-0.067 - 0.123]	0.561					3.2	(4.9)	[-0.063 - 0.127]	0.512	3.2	(4.9)	[-0.063 - 0.127]	0.512					4.5	(4.3)	[-0.039 - 0.128]	0.295	4.5	(4.3)	[-0.039 - 0.128]	0.295					4.7	(4.2)	[-0.035 - 0.129]	0.264	4.7	(4.2)	[-0.035 - 0.129]	0.264					4.9	(4.2)	[-0.033 - 0.131]	0.242	4.9	(4.2)	[-0.033 - 0.131]	0.242					5.3	(4.8)	[-0.042 - 0.148]	0.271	5.3	(4.8)	[-0.042 - 0.148]	0.271					5.6	(4.8)	[-0.037 - 0.150]	0.239	5.6	(4.8)	[-0.037 - 0.150]	0.239					5.1	(4.8)	[-0.043 - 0.146]	0.286	5.1	(4.8)	[-0.043 - 0.146]	0.286				
1.female	-11.9	(2.8)	[-0.175 - -0.064]	0.000	-11.9	(2.8)	[-0.175 - -0.064]	0.000					-12.4	(2.8)	[-0.180 - -0.068]	0.000	-12.4	(2.8)	[-0.180 - -0.068]	0.000					-12.6	(2.8)	[-0.182 - -0.071]	0.000	-12.6	(2.8)	[-0.182 - -0.071]	0.000					-3.3	(2.6)	[-0.083 - 0.017]	0.195	-3.3	(2.6)	[-0.083 - 0.017]	0.195					-4.1	(2.6)	[-0.091 - 0.009]	0.112	-4.1	(2.6)	[-0.091 - 0.009]	0.112					-4.0	(2.6)	[-0.090 - 0.010]	0.115	-4.0	(2.6)	[-0.090 - 0.010]	0.115					0.1	(2.9)	[-0.056 - 0.059]	0.960	0.1	(2.9)	[-0.056 - 0.059]	0.960					-0.7	(2.9)	[-0.064 - 0.050]	0.808	-0.7	(2.9)	[-0.064 - 0.050]	0.808					-0.6	(2.9)	[-0.063 - 0.051]	0.847	-0.6	(2.9)	[-0.063 - 0.051]	0.847				
2.age4	-10.7	(5.0)	[-0.205 - -0.009]	0.032	-10.7	(5.0)	[-0.205 - -0.009]	0.032					-11.7	(5.0)	[-0.215 - -0.018]	0.020	-11.7	(5.0)	[-0.215 - -0.018]	0.020					-11.7	(5.0)	[-0.215 - -0.020]	0.019	-11.7	(5.0)	[-0.215 - -0.020]	0.019					-6.7	(4.7)	[-0.160 - 0.026]	0.157	-6.7	(4.7)	[-0.160 - 0.026]	0.157					-7.2	(4.7)	[-0.164 - 0.020]	0.124	-7.2	(4.7)	[-0.164 - 0.020]	0.124					-7.1	(4.7)	[-0.163 - 0.020]	0.126	-7.1	(4.7)	[-0.163 - 0.020]	0.126					-10.8	(4.9)	[-0.205 - -0.011]	0.028	-10.8	(4.9)	[-0.205 - -0.011]	0.028					-11.0	(5.0)	[-0.207 - -0.013]	0.027	-11.0	(5.0)	[-0.207 - -0.013]	0.027					-11.0	(4.9)	[-0.207 - -0.013]	0.026	-11.0	(4.9)	[-0.207 - -0.013]	0.026				
3.age4	-17.0	(5.3)	[-0.274 - -0.066]	0.001	-17.0	(5.3)	[-0.274 - -0.066]	0.001					-17.2	(5.3)	[-0.277 - -0.067]	0.001	-17.2	(5.3)	[-0.277 - -0.067]	0.001					-17.3	(5.3)	[-0.277 - -0.069]	0.001	-17.3	(5.3)	[-0.277 - -0.069]	0.001					-12.6	(5.0)	[-0.225 - -0.027]	0.012	-12.6	(5.0)	[-0.225 - -0.027]	0.012					-12.4	(5.0)	[-0.222 - -0.026]	0.013	-12.4	(5.0)	[-0.222 - -0.026]	0.013					-12.3	(5.0)	[-0.221 - -0.026]	0.013	-12.3	(5.0)	[-0.221 - -0.026]	0.013					-20.0	(5.3)	[-0.304 - -0.096]	0.000	-20.0	(5.3)	[-0.304 - -0.096]	0.000					-19.9	(5.3)	[-0.302 - -0.096]	0.000	-19.9	(5.3)	[-0.302 - -0.096]	0.000					-19.8	(5.2)	[-0.301 - -0.096]	0.000	-19.8	(5.2)	[-0.301 - -0.096]	0.000				
4.age4	-17.4	(6.1)	[-0.294 - -0.054]	0.005	-17.4	(6.1)	[-0.294 - -0.054]	0.005					-17.8	(6.2)	[-0.299 - -0.057]	0.004	-17.8	(6.2)	[-0.299 - -0.057]	0.004					-17.8	(6.2)	[-0.298 - -0.057]	0.004	-17.8	(6.2)	[-0.298 - -0.057]	0.004					-16.6	(5.6)	[-0.277 - -0.056]	0.003	-16.6	(5.6)	[-0.277 - -0.056]	0.003					-16.9	(5.6)	[-0.279 - -0.059]	0.003	-16.9	(5.6)	[-0.279 - -0.059]	0.003					-16.9	(5.5)	[-0.277 - -0.060]	0.002	-16.9	(5.5)	[-0.277 - -0.060]	0.002					-16.4	(6.1)	[-0.285 - -0.044]	0.008	-16.4	(6.1)	[-0.285 - -0.044]	0.008					-16.9	(6.1)	[-0.289 - -0.049]	0.006	-16.9	(6.1)	[-0.289 - -0.049]	0.006					-16.9	(6.1)	[-0.289 - -0.050]	0.005	-16.9	(6.1)	[-0.289 - -0.050]	0.005				
2.race4	-0.1	(4.9)	[-0.096 - 0.095]	0.987	-0.1	(4.9)	[-0.096 - 0.095]	0.987					-2.5	(5.2)	[-0.126 - 0.076]	0.631	-2.5	(5.2)	[-0.126 - 0.076]	0.631					-3.2	(5.1)	[-0.132 - 0.068]	0.529	-3.2	(5.1)	[-0.132 - 0.068]	0.529					1.8	(4.3)	[-0.066 - 0.101]	0.678	1.8	(4.3)	[-0.066 - 0.101]	0.678					-2.0	(4.6)	[-0.110 - 0.070]	0.660	-2.0	(4.6)	[-0.110 - 0.070]	0.660					-1.8	(4.6)	[-0.108 - 0.071]	0.690	-1.8	(4.6)	[-0.108 - 0.071]	0.690					0.4	(5.1)	[-0.097 - 0.105]	0.938	0.4	(5.1)	[-0.097 - 0.105]	0.938					-3.7	(5.4)	[-0.143 - 0.068]	0.486	-3.7	(5.4)	[-0.143 - 0.068]	0.486					-3.4	(5.4)	[-0.140 - 0.071]	0.521	-3.4	(5.4)	[-0.140 - 0.071]	0.521				
3.race4	-4.4	(6.1)	[-0.164 - 0.076]	0.469	-4.4	(6.1)	[-0.164 - 0.076]	0.469					-4.9	(6.1)	[-0.169 - 0.071]	0.424	-4.9	(6.1)	[-0.169 - 0.071]	0.424					-4.9	(6.1)	[-0.168 - 0.069]	0.414	-4.9	(6.1)	[-0.168 - 0.069]	0.414					0.1	(5.6)	[-0.108 - 0.110]	0.986	0.1	(5.6)	[-0.108 - 0.110]	0.986					-1.5	(5.5)	[-0.123 - 0.093]	0.789	-1.5	(5.5)	[-0.123 - 0.093]	0.789					-1.3	(5.5)	[-0.121 - 0.095]	0.811	-1.3	(5.5)	[-0.121 - 0.095]	0.811					1.3	(5.2)	[-0.090 - 0.116]	0.802	1.3	(5.2)	[-0.090 - 0.116]	0.802					0.6	(5.2)	[-0.096 - 0.108]	0.914	0.6	(5.2)	[-0.096 - 0.108]	0.914					0.4	(5.2)	[-0.098 - 0.107]	0.935	0.4	(5.2)	[-0.098 - 0.107]	0.935				
4.race4	4.7	(4.6)	[-0.042 - 0.137]	0.299	4.7	(4.6)	[-0.042 - 0.137]	0.299					3.1	(4.6)	[-0.060 - 0.122]	0.511	3.1	(4.6)	[-0.060 - 0.122]	0.511					2.9	(4.6)	[-0.062 - 0.119]	0.534	2.9	(4.6)	[-0.062 - 0.119]	0.534					-4.7	(3.9)	[-0.124 - 0.031]	0.236	-4.7	(3.9)	[-0.124 - 0.031]	0.236					-6.8	(4.0)	[-0.146 - 0.010]	0.088	-6.8	(4.0)	[-0.146 - 0.010]	0.088					-6.7	(4.0)	[-0.145 - 0.010]	0.088	-6.7	(4.0)	[-0.145 - 0.010]	0.088					-8.2	(4.4)	[-0.167 - 0.004]	0.061	-8.2	(4.4)	[-0.167 - 0.004]	0.061					-9.5	(4.4)	[-0.181 - -0.009]	0.030	-9.5	(4.4)	[-0.181 - -0.009]	0.030					-9.4	(4.4)	[-0.180 - -0.008]	0.032	-9.4	(4.4)	[-0.180 - -0.008]	0.032				
2.hhsize	-7.1	(5.0)	[-0.169 - 0.027]	0.156	-7.1	(5.0)	[-0.169 - 0.027]	0.156					-7.8	(5.0)	[-0.177 - 0.020]	0.120	-7.8	(5.0)	[-0.177 - 0.020]	0.120					-7.6	(5.0)	[-0.175 - 0.022]	0.130	-7.6	(5.0)	[-0.175 - 0.022]	0.130					-3.7	(4.5)	[-0.125 - 0.052]	0.415	-3.7	(4.5)	[-0.125 - 0.052]	0.415					-4.7	(4.5)	[-0.136 - 0.042]	0.300	-4.7	(4.5)	[-0.136 - 0.042]	0.300					-4.8	(4.5)	[-0.136 - 0.040]	0.286	-4.8	(4.5)	[-0.136 - 0.040]	0.286					-9.8	(4.6)	[-0.189 - -0.008]	0.033	-9.8	(4.6)	[-0.189 - -0.008]	0.033					-10.7	(4.6)	[-0.198 - -0.016]	0.021	-10.7	(4.6)	[-0.198 - -0.016]	0.021					-10.7	(4.6)	[-0.197 - -0.016]	0.021	-10.7	(4.6)	[-0.197 - -0.016]	0.021				
3.hhsize	-10.2	(5.5)	[-0.210 - 0.007]	0.066	-10.2	(5.5)	[-0.210 - 0.007]	0.066					-10.5	(5.5)	[-0.213 - 0.004]	0.058	-10.5	(5.5)	[-0.213 - 0.004]	0.058					-10.3	(5.5)	[-0.211 - 0.006]	0.063	-10.3	(5.5)	[-0.211 - 0.006]	0.063					-7.0	(4.8)	[-0.164 - 0.024]	0.144	-7.0	(4.8)	[-0.164 - 0.024]	0.144					-7.5	(4.8)	[-0.169 - 0.019]	0.117	-7.5	(4.8)	[-0.169 - 0.019]	0.117					-7.7	(4.8)	[-0.171 - 0.016]	0.106	-7.7	(4.8)	[-0.171 - 0.016]	0.106					-17.2	(5.3)	[-0.275 - -0.069]	0.001	-17.2	(5.3)	[-0.275 - -0.069]	0.001					-17.7	(5.3)	[-0.281 - -0.074]	0.001	-17.7	(5.3)	[-0.281 - -0.074]	0.001					-17.6	(5.3)	[-0.280 - -0.073]	0.001	-17.6	(5.3)	[-0.280 - -0.073]	0.001				
4.hhsize	0.8	(6.2)	[-0.112 - 0.129]	0.891	0.8	(6.2)	[-0.112 - 0.129]	0.891					0.8	(6.2)	[-0.113 - 0.130]	0.892	0.8	(6.2)	[-0.113 - 0.130]	0.892					1.2	(6.2)	[-0.109 - 0.132]	0.851	1.2	(6.2)	[-0.109 - 0.132]	0.851					-2.3	(5.7)	[-0.136 - 0.089]	0.685	-2.3	(5.7)	[-0.136 - 0.089]	0.685					-2.7	(5.8)	[-0.140 - 0.086]	0.639	-2.7	(5.8)	[-0.140 - 0.086]	0.639					-2.7	(5.8)	[-0.140 - 0.086]	0.634	-2.7	(5.8)	[-0.140 - 0.086]	0.634					-13.9	(5.8)	[-0.252 - -0.025]	0.017	-13.9	(5.8)	[-0.252 - -0.025]	0.017					-14.0	(5.8)	[-0.254 - -0.026]	0.016	-14.0	(5.8)	[-0.254 - -0.026]	0.016					-14.1	(5.8)	[-0.256 - -0.027]	0.015	-14.1	(5.8)	[-0.256 - -0.027]	0.015				
5.hhsize	-1.8	(6.8)	[-0.152 - 0.115]	0.787	-1.8	(6.8)	[-0.152 - 0.115]	0.787					-2.0	(6.8)	[-0.152 - 0.113]	0.769	-2.0	(6.8)	[-0.152 - 0.113]	0.769					-1.3	(6.8)	[-0.145 - 0.120]	0.850	-1.3	(6.8)	[-0.145 - 0.120]	0.850					-4.4	(6.2)	[-0.165 - 0.077]	0.472	-4.4	(6.2)	[-0.165 - 0.077]	0.472					-5.5	(6.1)	[-0.174 - 0.065]	0.368	-5.5	(6.1)	[-0.174 - 0.065]	0.368					-5.6	(6.1)	[-0.175 - 0.063]	0.357	-5.6	(6.1)	[-0.175 - 0.063]	0.357					-2.8	(6.3)	[-0.151 - 0.096]	0.660	-2.8	(6.3)	[-0.151 - 0.096]	0.660					-4.5	(6.3)	[-0.168 - 0.078]	0.475	-4.5	(6.3)	[-0.168 - 0.078]	0.475					-4.9	(6.2)	[-0.171 - 0.074]	0.436	-4.9	(6.2)	[-0.171 - 0.074]	0.436				
6.hhsize	-3.6	(6.8)	[-0.169 - 0.097]	0.597	-3.6	(6.8)	[-0.169 - 0.097]	0.597					-3.8	(6.8)	[-0.172 - 0.095]	0.574	-3.8	(6.8)	[-0.172 - 0.095]	0.574					-3.3	(6.8)	[-0.166 - 0.101]	0.632	-3.3	(6.8)	[-0.166 - 0.101]	0.632					2.4	(5.9)	[-0.093 - 0.140]	0.691	2.4	(5.9)	[-0.093 - 0.140]	0.691					1.8	(5.9)	[-0.098 - 0.134]	0.764	1.8	(5.9)	[-0.098 - 0.134]	0.764					1.2	(5.9)	[-0.104 - 0.128]	0.838	1.2	(5.9)	[-0.104 - 0.128]	0.838					-12.3	(6.2)	[-0.244 - -0.002]	0.046	-12.3	(6.2)	[-0.244 - -0.002]	0.046					-13.4	(6.2)	[-0.255 - -0.012]	0.031	-13.4	(6.2)	[-0.255 - -0.012]	0.031					-13.1	(6.2)	[-0.253 - -0.010]	0.034	-13.1	(6.2)	[-0.253 - -0.010]	0.034				
2.marital	-4.7	(8.2)	[-0.208 - 0.113]	0.563	-4.7	(8.2)	[-0.208 - 0.113]	0.563					-5.3	(8.2)	[-0.213 - 0.107]	0.517	-5.3	(8.2)	[-0.213 - 0.107]	0.517					-5.3	(8.1)	[-0.213 - 0.107]	0.515	-5.3	(8.1)	[-0.213 - 0.107]	0.515					6.4	(7.1)	[-0.075 - 0.203]	0.366	6.4	(7.1)	[-0.075 - 0.203]	0.366					5.1	(7.1)	[-0.088 - 0.191]	0.469	5.1	(7.1)	[-0.088 - 0.191]	0.469					5.0	(7.1)	[-0.089 - 0.188]	0.483	5.0	(7.1)	[-0.089 - 0.188]	0.483					-6.1	(6.7)	[-0.193 - 0.070]	0.360	-6.1	(6.7)	[-0.193 - 0.070]	0.360					-7.3	(6.5)	[-0.201 - 0.055]	0.264	-7.3	(6.5)	[-0.201 - 0.055]	0.264					-7.0	(6.6)	[-0.200 - 0.059]	0.287	-7.0	(6.6)	[-0.200 - 0.059]	0.287				
3.marital	1.6	(4.8)	[-0.079 - 0.110]	0.746	1.6	(4.8)	[-0.079 - 0.110]	0.746					1.4	(4.8)	[-0.081 - 0.109]	0.768	1.4	(4.8)	[-0.081 - 0.109]	0.768					1.7	(4.8)	[-0.077 - 0.112]	0.721	1.7	(4.8)	[-0.077 - 0.112]	0.721					-0.9	(3.8)	[-0.084 - 0.065]	0.805	-0.9	(3.8)	[-0.084 - 0.065]	0.805					-1.7	(3.8)	[-0.091 - 0.058]	0.661	-1.7	(3.8)	[-0.091 - 0.058]	0.661					-1.7	(3.8)	[-0.091 - 0.057]	0.646	-1.7	(3.8)	[-0.091 - 0.057]	0.646					-2.3	(4.6)	[-0.114 - 0.068]	0.620	-2.3	(4.6)	[-0.114 - 0.068]	0.620					-2.8	(4.6)	[-0.118 - 0.061]	0.535	-2.8	(4.6)	[-0.118 - 0.061]	0.535					-3.0	(4.6)	[-0.119 - 0.060]	0.518	-3.0	(4.6)	[-0.119 - 0.060]	0.518				
4.marital	23.4	(9.9)	[0.041 - 0.427]	0.018	23.4	(9.9)	[0.041 - 0.427]	0.018					26.4	(9.4)	[0.080 - 0.447]	0.005	26.4	(9.4)	[0.080 - 0.447]	0.005					26.9	(9.2)	[0.088 - 0.449]	0.004	26.9	(9.2)	[0.088 - 0.449]	0.004					23.0	(11.6)	[0.001 - 0.458]	0.049	23.0	(11.6)	[0.001 - 0.458]	0.049					25.4	(11.0)	[0.039 - 0.469]	0.020	25.4	(11.0)	[0.039 - 0.469]	0.020					25.0	(11.1)	[0.032 - 0.467]	0.024	25.0	(11.1)	[0.032 - 0.467]	0.024					-8.4	(12.9)	[-0.338 - 0.170]	0.518	-8.4	(12.9)	[-0.338 - 0.170]	0.518					-8.3	(13.5)	[-0.348 - 0.183]	0.541	-8.3	(13.5)	[-0.348 - 0.183]	0.541					-8.2	(13.6)	[-0.349 - 0.185]	0.548	-8.2	(13.6)	[-0.349 - 0.185]	0.548				
5.marital	2.0	(4.9)	[-0.075 - 0.116]	0.675	2.0	(4.9)	[-0.075 - 0.116]	0.675					1.0	(4.9)	[-0.086 - 0.106]	0.836	1.0	(4.9)	[-0.086 - 0.106]	0.836					1.1	(4.9)	[-0.085 - 0.107]	0.817	1.1	(4.9)	[-0.085 - 0.107]	0.817					3.8	(4.6)	[-0.052 - 0.129]	0.406	3.8	(4.6)	[-0.052 - 0.129]	0.406					1.4	(4.7)	[-0.078 - 0.105]	0.772	1.4	(4.7)	[-0.078 - 0.105]	0.772					1.3	(4.7)	[-0.078 - 0.105]	0.775	1.3	(4.7)	[-0.078 - 0.105]	0.775					-2.5	(4.9)	[-0.120 - 0.071]	0.612	-2.5	(4.9)	[-0.120 - 0.071]	0.612					-4.3	(4.9)	[-0.140 - 0.053]	0.377	-4.3	(4.9)	[-0.140 - 0.053]	0.377					-4.4	(4.9)	[-0.140 - 0.052]	0.370	-4.4	(4.9)	[-0.140 - 0.052]	0.370				
6.marital	7.9	(5.6)	[-0.032 - 0.190]	0.163	7.9	(5.6)	[-0.032 - 0.190]	0.163					7.6	(5.6)	[-0.034 - 0.186]	0.176	7.6	(5.6)	[-0.034 - 0.186]	0.176					7.8	(5.6)	[-0.032 - 0.188]	0.165	7.8	(5.6)	[-0.032 - 0.188]	0.165					9.4	(5.3)	[-0.009 - 0.198]	0.073	9.4	(5.3)	[-0.009 - 0.198]	0.073					8.9	(5.3)	[-0.014 - 0.193]	0.092	8.9	(5.3)	[-0.014 - 0.193]	0.092					8.7	(5.3)	[-0.017 - 0.192]	0.101	8.7	(5.3)	[-0.017 - 0.192]	0.101					-1.0	(5.8)	[-0.123 - 0.103]	0.866	-1.0	(5.8)	[-0.123 - 0.103]	0.866					-1.7	(5.7)	[-0.130 - 0.095]	0.765	-1.7	(5.7)	[-0.130 - 0.095]	0.765					-1.6	(5.7)	[-0.128 - 0.096]	0.773	-1.6	(5.7)	[-0.128 - 0.096]	0.773				
2.relig	-7.4	(4.5)	[-0.162 - 0.014]	0.099	-7.4	(4.5)	[-0.162 - 0.014]	0.099					-7.6	(4.5)	[-0.164 - 0.012]	0.092	-7.6	(4.5)	[-0.164 - 0.012]	0.092					-7.9	(4.5)	[-0.167 - 0.009]	0.078	-7.9	(4.5)	[-0.167 - 0.009]	0.078					-2.2	(3.9)	[-0.098 - 0.053]	0.560	-2.2	(3.9)	[-0.098 - 0.053]	0.560					-3.0	(3.9)	[-0.106 - 0.046]	0.442	-3.0	(3.9)	[-0.106 - 0.046]	0.442					-2.7	(3.9)	[-0.103 - 0.049]	0.488	-2.7	(3.9)	[-0.103 - 0.049]	0.488					4.6	(4.4)	[-0.041 - 0.132]	0.300	4.6	(4.4)	[-0.041 - 0.132]	0.300					3.6	(4.4)	[-0.050 - 0.122]	0.416	3.6	(4.4)	[-0.050 - 0.122]	0.416					3.5	(4.4)	[-0.051 - 0.122]	0.422	3.5	(4.4)	[-0.051 - 0.122]	0.422				
3.relig	-15.8	(15.4)	[-0.461 - 0.144]	0.305	-15.8	(15.4)	[-0.461 - 0.144]	0.305					-16.8	(15.6)	[-0.474 - 0.138]	0.283	-16.8	(15.6)	[-0.474 - 0.138]	0.283					-16.3	(15.7)	[-0.470 - 0.144]	0.299	-16.3	(15.7)	[-0.470 - 0.144]	0.299					-11.4	(9.2)	[-0.294 - 0.066]	0.216	-11.4	(9.2)	[-0.294 - 0.066]	0.216					-12.8	(9.7)	[-0.319 - 0.062]	0.186	-12.8	(9.7)	[-0.319 - 0.062]	0.186					-13.4	(9.6)	[-0.323 - 0.055]	0.163	-13.4	(9.6)	[-0.323 - 0.055]	0.163					-7.0	(15.0)	[-0.364 - 0.224]	0.642	-7.0	(15.0)	[-0.364 - 0.224]	0.642					-8.3	(14.4)	[-0.365 - 0.199]	0.563	-8.3	(14.4)	[-0.365 - 0.199]	0.563					-8.0	(14.3)	[-0.361 - 0.201]	0.575	-8.0	(14.3)	[-0.361 - 0.201]	0.575				
4.relig	37.3	(12.0)	[0.138 - 0.608]	0.002	37.3	(12.0)	[0.138 - 0.608]	0.002					36.5	(11.5)	[0.140 - 0.590]	0.002	36.5	(11.5)	[0.140 - 0.590]	0.002					36.6	(11.6)	[0.139 - 0.593]	0.002	36.6	(11.6)	[0.139 - 0.593]	0.002					36.3	(14.0)	[0.088 - 0.638]	0.010	36.3	(14.0)	[0.088 - 0.638]	0.010					35.7	(14.5)	[0.073 - 0.641]	0.014	35.7	(14.5)	[0.073 - 0.641]	0.014					34.0	(14.7)	[0.052 - 0.627]	0.021	34.0	(14.7)	[0.052 - 0.627]	0.021					13.3	(15.1)	[-0.162 - 0.429]	0.377	13.3	(15.1)	[-0.162 - 0.429]	0.377					12.7	(13.2)	[-0.131 - 0.385]	0.334	12.7	(13.2)	[-0.131 - 0.385]	0.334					14.7	(12.8)	[-0.103 - 0.398]	0.250	14.7	(12.8)	[-0.103 - 0.398]	0.250				
5.relig	11.0	(10.4)	[-0.093 - 0.314]	0.288	11.0	(10.4)	[-0.093 - 0.314]	0.288					10.0	(10.2)	[-0.100 - 0.300]	0.325	10.0	(10.2)	[-0.100 - 0.300]	0.325					9.5	(10.2)	[-0.106 - 0.296]	0.352	9.5	(10.2)	[-0.106 - 0.296]	0.352					7.1	(9.9)	[-0.124 - 0.266]	0.476	7.1	(9.9)	[-0.124 - 0.266]	0.476					5.7	(9.8)	[-0.135 - 0.249]	0.561	5.7	(9.8)	[-0.135 - 0.249]	0.561					5.6	(9.6)	[-0.132 - 0.243]	0.561	5.6	(9.6)	[-0.132 - 0.243]	0.561					10.1	(9.7)	[-0.089 - 0.291]	0.299	10.1	(9.7)	[-0.089 - 0.291]	0.299					8.0	(9.5)	[-0.106 - 0.265]	0.398	8.0	(9.5)	[-0.106 - 0.265]	0.398					8.5	(9.4)	[-0.100 - 0.270]	0.367	8.5	(9.4)	[-0.100 - 0.270]	0.367				
6.relig	-16.4	(18.8)	[-0.532 - 0.204]	0.382	-16.4	(18.8)	[-0.532 - 0.204]	0.382					-17.6	(19.0)	[-0.549 - 0.197]	0.356	-17.6	(19.0)	[-0.549 - 0.197]	0.356					-16.8	(19.0)	[-0.541 - 0.206]	0.379	-16.8	(19.0)	[-0.541 - 0.206]	0.379					-3.0	(20.7)	[-0.437 - 0.376]	0.883	-3.0	(20.7)	[-0.437 - 0.376]	0.883					-4.4	(21.2)	[-0.460 - 0.371]	0.835	-4.4	(21.2)	[-0.460 - 0.371]	0.835					-4.8	(20.9)	[-0.457 - 0.362]	0.819	-4.8	(20.9)	[-0.457 - 0.362]	0.819					5.5	(18.3)	[-0.305 - 0.414]	0.766	5.5	(18.3)	[-0.305 - 0.414]	0.766					2.9	(18.3)	[-0.331 - 0.389]	0.873	2.9	(18.3)	[-0.331 - 0.389]	0.873					2.7	(18.7)	[-0.340 - 0.394]	0.885	2.7	(18.7)	[-0.340 - 0.394]	0.885				
7.relig	14.9	(12.0)	[-0.087 - 0.385]	0.215	14.9	(12.0)	[-0.087 - 0.385]	0.215					14.1	(12.1)	[-0.097 - 0.378]	0.247	14.1	(12.1)	[-0.097 - 0.378]	0.247					12.5	(12.0)	[-0.111 - 0.361]	0.300	12.5	(12.0)	[-0.111 - 0.361]	0.300					-2.9	(11.0)	[-0.245 - 0.187]	0.790	-2.9	(11.0)	[-0.245 - 0.187]	0.790					-4.1	(10.6)	[-0.249 - 0.166]	0.696	-4.1	(10.6)	[-0.249 - 0.166]	0.696					-3.8	(10.5)	[-0.245 - 0.168]	0.716	-3.8	(10.5)	[-0.245 - 0.168]	0.716					-15.1	(12.7)	[-0.400 - 0.099]	0.236	-15.1	(12.7)	[-0.400 - 0.099]	0.236					-17.3	(12.2)	[-0.412 - 0.067]	0.158	-17.3	(12.2)	[-0.412 - 0.067]	0.158					-16.4	(12.5)	[-0.409 - 0.080]	0.188	-16.4	(12.5)	[-0.409 - 0.080]	0.188				
8.relig	-35.5	(15.5)	[-0.659 - -0.050]	0.023	-35.5	(15.5)	[-0.659 - -0.050]	0.023					-36.9	(15.6)	[-0.675 - -0.063]	0.018	-36.9	(15.6)	[-0.675 - -0.063]	0.018					-36.5	(15.7)	[-0.673 - -0.058]	0.020	-36.5	(15.7)	[-0.673 - -0.058]	0.020					-27.8	(9.2)	[-0.458 - -0.097]	0.003	-27.8	(9.2)	[-0.458 - -0.097]	0.003					-29.2	(9.4)	[-0.476 - -0.109]	0.002	-29.2	(9.4)	[-0.476 - -0.109]	0.002					-29.7	(9.5)	[-0.483 - -0.111]	0.002	-29.7	(9.5)	[-0.483 - -0.111]	0.002					-16.2	(17.1)	[-0.497 - 0.174]	0.346	-16.2	(17.1)	[-0.497 - 0.174]	0.346					-19.1	(17.6)	[-0.536 - 0.153]	0.276	-19.1	(17.6)	[-0.536 - 0.153]	0.276					-18.8	(17.5)	[-0.531 - 0.154]	0.282	-18.8	(17.5)	[-0.531 - 0.154]	0.282				
9.relig	18.6	(6.8)	[0.053 - 0.320]	0.006	18.6	(6.8)	[0.053 - 0.320]	0.006					16.1	(7.1)	[0.022 - 0.300]	0.023	16.1	(7.1)	[0.022 - 0.300]	0.023					16.0	(7.1)	[0.020 - 0.300]	0.026	16.0	(7.1)	[0.020 - 0.300]	0.026					10.6	(6.4)	[-0.020 - 0.233]	0.098	10.6	(6.4)	[-0.020 - 0.233]	0.098					6.6	(6.5)	[-0.062 - 0.194]	0.314	6.6	(6.5)	[-0.062 - 0.194]	0.314					7.0	(6.5)	[-0.058 - 0.198]	0.285	7.0	(6.5)	[-0.058 - 0.198]	0.285					25.5	(6.0)	[0.137 - 0.373]	0.000	25.5	(6.0)	[0.137 - 0.373]	0.000					20.5	(6.2)	[0.082 - 0.327]	0.001	20.5	(6.2)	[0.082 - 0.327]	0.001					20.1	(6.2)	[0.079 - 0.323]	0.001	20.1	(6.2)	[0.079 - 0.323]	0.001				
10.relig	7.5	(7.2)	[-0.066 - 0.217]	0.297	7.5	(7.2)	[-0.066 - 0.217]	0.297					5.9	(7.4)	[-0.086 - 0.204]	0.427	5.9	(7.4)	[-0.086 - 0.204]	0.427					5.4	(7.5)	[-0.093 - 0.201]	0.470	5.4	(7.5)	[-0.093 - 0.201]	0.470					3.2	(6.4)	[-0.093 - 0.156]	0.621	3.2	(6.4)	[-0.093 - 0.156]	0.621					0.5	(6.5)	[-0.122 - 0.132]	0.935	0.5	(6.5)	[-0.122 - 0.132]	0.935					0.8	(6.4)	[-0.118 - 0.135]	0.900	0.8	(6.4)	[-0.118 - 0.135]	0.900					13.2	(7.0)	[-0.005 - 0.268]	0.059	13.2	(7.0)	[-0.005 - 0.268]	0.059					9.9	(7.0)	[-0.039 - 0.236]	0.160	9.9	(7.0)	[-0.039 - 0.236]	0.160					9.9	(7.0)	[-0.037 - 0.235]	0.155	9.9	(7.0)	[-0.037 - 0.235]	0.155				
11.relig	9.8	(4.9)	[0.002 - 0.195]	0.046	9.8	(4.9)	[0.002 - 0.195]	0.046					8.9	(5.0)	[-0.010 - 0.187]	0.077	8.9	(5.0)	[-0.010 - 0.187]	0.077					8.9	(5.0)	[-0.010 - 0.188]	0.078	8.9	(5.0)	[-0.010 - 0.188]	0.078					9.7	(4.5)	[0.010 - 0.184]	0.029	9.7	(4.5)	[0.010 - 0.184]	0.029					7.8	(4.5)	[-0.011 - 0.166]	0.087	7.8	(4.5)	[-0.011 - 0.166]	0.087					7.9	(4.5)	[-0.010 - 0.168]	0.081	7.9	(4.5)	[-0.010 - 0.168]	0.081					19.9	(4.9)	[0.102 - 0.295]	0.000	19.9	(4.9)	[0.102 - 0.295]	0.000					17.5	(5.0)	[0.077 - 0.272]	0.000	17.5	(5.0)	[0.077 - 0.272]	0.000					17.3	(5.0)	[0.075 - 0.270]	0.001	17.3	(5.0)	[0.075 - 0.270]	0.001				
12.relig	-3.6	(4.0)	[-0.116 - 0.043]	0.370	-3.6	(4.0)	[-0.116 - 0.043]	0.370					-3.6	(4.1)	[-0.115 - 0.044]	0.378	-3.6	(4.1)	[-0.115 - 0.044]	0.378					-3.7	(4.0)	[-0.116 - 0.042]	0.363	-3.7	(4.0)	[-0.116 - 0.042]	0.363					0.9	(3.7)	[-0.062 - 0.081]	0.798	0.9	(3.7)	[-0.062 - 0.081]	0.798					0.9	(3.6)	[-0.062 - 0.080]	0.807	0.9	(3.6)	[-0.062 - 0.080]	0.807					0.8	(3.6)	[-0.063 - 0.080]	0.823	0.8	(3.6)	[-0.063 - 0.080]	0.823					-2.2	(4.1)	[-0.102 - 0.059]	0.601	-2.2	(4.1)	[-0.102 - 0.059]	0.601					-2.5	(4.1)	[-0.105 - 0.056]	0.550	-2.5	(4.1)	[-0.105 - 0.056]	0.550					-2.3	(4.1)	[-0.103 - 0.057]	0.570	-2.3	(4.1)	[-0.103 - 0.057]	0.570				
13.relig	11.3	(10.8)	[-0.100 - 0.325]	0.298	11.3	(10.8)	[-0.100 - 0.325]	0.298					9.1	(10.7)	[-0.119 - 0.301]	0.394	9.1	(10.7)	[-0.119 - 0.301]	0.394					9.0	(10.8)	[-0.121 - 0.301]	0.404	9.0	(10.8)	[-0.121 - 0.301]	0.404					20.8	(11.5)	[-0.017 - 0.434]	0.070	20.8	(11.5)	[-0.017 - 0.434]	0.070					17.0	(11.5)	[-0.054 - 0.395]	0.137	17.0	(11.5)	[-0.054 - 0.395]	0.137					16.5	(11.4)	[-0.059 - 0.389]	0.148	16.5	(11.4)	[-0.059 - 0.389]	0.148					8.7	(11.8)	[-0.143 - 0.318]	0.458	8.7	(11.8)	[-0.143 - 0.318]	0.458					4.1	(11.5)	[-0.185 - 0.266]	0.723	4.1	(11.5)	[-0.185 - 0.266]	0.723					4.7	(11.6)	[-0.179 - 0.274]	0.681	4.7	(11.6)	[-0.179 - 0.274]	0.681				
14.relig	10.1	(10.8)	[-0.111 - 0.313]	0.350	10.1	(10.8)	[-0.111 - 0.313]	0.350					8.7	(10.8)	[-0.124 - 0.299]	0.418	8.7	(10.8)	[-0.124 - 0.299]	0.418					8.8	(10.9)	[-0.125 - 0.301]	0.420	8.8	(10.9)	[-0.125 - 0.301]	0.420					11.2	(9.4)	[-0.072 - 0.296]	0.233	11.2	(9.4)	[-0.072 - 0.296]	0.233					8.9	(9.3)	[-0.093 - 0.271]	0.337	8.9	(9.3)	[-0.093 - 0.271]	0.337					8.8	(9.3)	[-0.093 - 0.270]	0.340	8.8	(9.3)	[-0.093 - 0.270]	0.340					8.6	(10.5)	[-0.119 - 0.292]	0.411	8.6	(10.5)	[-0.119 - 0.292]	0.411					6.1	(10.6)	[-0.147 - 0.269]	0.565	6.1	(10.6)	[-0.147 - 0.269]	0.565					6.1	(10.6)	[-0.146 - 0.268]	0.563	6.1	(10.6)	[-0.146 - 0.268]	0.563				
15.relig	7.6	(13.8)	[-0.195 - 0.348]	0.581	7.6	(13.8)	[-0.195 - 0.348]	0.581					8.7	(14.7)	[-0.201 - 0.374]	0.555	8.7	(14.7)	[-0.201 - 0.374]	0.555					9.3	(15.0)	[-0.200 - 0.387]	0.533	9.3	(15.0)	[-0.200 - 0.387]	0.533					25.6	(13.7)	[-0.012 - 0.524]	0.061	25.6	(13.7)	[-0.012 - 0.524]	0.061					20.0	(14.0)	[-0.074 - 0.475]	0.152	20.0	(14.0)	[-0.074 - 0.475]	0.152					20.2	(14.2)	[-0.076 - 0.480]	0.154	20.2	(14.2)	[-0.076 - 0.480]	0.154					-15.7	(10.9)	[-0.371 - 0.057]	0.151	-15.7	(10.9)	[-0.371 - 0.057]	0.151					-12.4	(14.4)	[-0.406 - 0.158]	0.388	-12.4	(14.4)	[-0.406 - 0.158]	0.388					-13.1	(14.4)	[-0.415 - 0.152]	0.364	-13.1	(14.4)	[-0.415 - 0.152]	0.364				
2.educ4	7.1	(6.6)	[-0.059 - 0.201]	0.285	7.1	(6.6)	[-0.059 - 0.201]	0.285					7.3	(6.7)	[-0.059 - 0.205]	0.279	7.3	(6.7)	[-0.059 - 0.205]	0.279					7.6	(6.7)	[-0.056 - 0.207]	0.258	7.6	(6.7)	[-0.056 - 0.207]	0.258					-7.3	(6.2)	[-0.194 - 0.048]	0.239	-7.3	(6.2)	[-0.194 - 0.048]	0.239					-6.6	(6.1)	[-0.185 - 0.054]	0.283	-6.6	(6.1)	[-0.185 - 0.054]	0.283					-6.8	(6.1)	[-0.187 - 0.051]	0.262	-6.8	(6.1)	[-0.187 - 0.051]	0.262					-6.4	(6.2)	[-0.186 - 0.057]	0.299	-6.4	(6.2)	[-0.186 - 0.057]	0.299					-5.4	(6.0)	[-0.172 - 0.064]	0.370	-5.4	(6.0)	[-0.172 - 0.064]	0.370					-5.3	(6.0)	[-0.171 - 0.064]	0.373	-5.3	(6.0)	[-0.171 - 0.064]	0.373				
3.educ4	18.0	(6.4)	[0.054 - 0.305]	0.005	18.0	(6.4)	[0.054 - 0.305]	0.005					18.4	(6.5)	[0.057 - 0.311]	0.004	18.4	(6.5)	[0.057 - 0.311]	0.004					18.8	(6.4)	[0.062 - 0.315]	0.003	18.8	(6.4)	[0.062 - 0.315]	0.003					-2.5	(6.0)	[-0.142 - 0.092]	0.670	-2.5	(6.0)	[-0.142 - 0.092]	0.670					-2.2	(5.9)	[-0.138 - 0.093]	0.705	-2.2	(5.9)	[-0.138 - 0.093]	0.705					-2.7	(5.9)	[-0.142 - 0.087]	0.640	-2.7	(5.9)	[-0.142 - 0.087]	0.640					5.0	(5.9)	[-0.066 - 0.166]	0.394	5.0	(5.9)	[-0.066 - 0.166]	0.394					5.5	(5.7)	[-0.057 - 0.167]	0.334	5.5	(5.7)	[-0.057 - 0.167]	0.334					5.8	(5.7)	[-0.054 - 0.169]	0.309	5.8	(5.7)	[-0.054 - 0.169]	0.309				
4.educ4	26.1	(6.8)	[0.128 - 0.395]	0.000	26.1	(6.8)	[0.128 - 0.395]	0.000					26.0	(6.9)	[0.124 - 0.396]	0.000	26.0	(6.9)	[0.124 - 0.396]	0.000					26.4	(6.9)	[0.129 - 0.399]	0.000	26.4	(6.9)	[0.129 - 0.399]	0.000					10.7	(6.3)	[-0.017 - 0.231]	0.092	10.7	(6.3)	[-0.017 - 0.231]	0.092					10.8	(6.3)	[-0.016 - 0.232]	0.088	10.8	(6.3)	[-0.016 - 0.232]	0.088					10.2	(6.3)	[-0.021 - 0.225]	0.105	10.2	(6.3)	[-0.021 - 0.225]	0.105					19.7	(6.3)	[0.074 - 0.319]	0.002	19.7	(6.3)	[0.074 - 0.319]	0.002					19.4	(6.0)	[0.076 - 0.313]	0.001	19.4	(6.0)	[0.076 - 0.313]	0.001					19.8	(6.0)	[0.081 - 0.316]	0.001	19.8	(6.0)	[0.081 - 0.316]	0.001				
2.income	9.5	(14.0)	[-0.179 - 0.368]	0.498	9.5	(14.0)	[-0.179 - 0.368]	0.498					10.0	(14.0)	[-0.175 - 0.374]	0.476	10.0	(14.0)	[-0.175 - 0.374]	0.476					9.9	(14.0)	[-0.176 - 0.374]	0.480	9.9	(14.0)	[-0.176 - 0.374]	0.480					1.8	(13.1)	[-0.238 - 0.275]	0.889	1.8	(13.1)	[-0.238 - 0.275]	0.889					2.4	(13.1)	[-0.232 - 0.280]	0.855	2.4	(13.1)	[-0.232 - 0.280]	0.855					2.2	(13.1)	[-0.235 - 0.279]	0.865	2.2	(13.1)	[-0.235 - 0.279]	0.865					-19.4	(13.8)	[-0.464 - 0.076]	0.160	-19.4	(13.8)	[-0.464 - 0.076]	0.160					-18.5	(14.2)	[-0.463 - 0.093]	0.192	-18.5	(14.2)	[-0.463 - 0.093]	0.192					-18.3	(14.0)	[-0.457 - 0.092]	0.191	-18.3	(14.0)	[-0.457 - 0.092]	0.191				
3.income	-2.6	(13.6)	[-0.293 - 0.241]	0.849	-2.6	(13.6)	[-0.293 - 0.241]	0.849					-1.9	(13.6)	[-0.286 - 0.248]	0.891	-1.9	(13.6)	[-0.286 - 0.248]	0.891					-1.7	(13.6)	[-0.283 - 0.250]	0.902	-1.7	(13.6)	[-0.283 - 0.250]	0.902					-2.2	(11.8)	[-0.254 - 0.211]	0.854	-2.2	(11.8)	[-0.254 - 0.211]	0.854					-1.2	(12.0)	[-0.247 - 0.223]	0.921	-1.2	(12.0)	[-0.247 - 0.223]	0.921					-1.7	(12.0)	[-0.252 - 0.217]	0.886	-1.7	(12.0)	[-0.252 - 0.217]	0.886					-19.8	(13.3)	[-0.459 - 0.063]	0.136	-19.8	(13.3)	[-0.459 - 0.063]	0.136					-19.0	(13.5)	[-0.454 - 0.073]	0.157	-19.0	(13.5)	[-0.454 - 0.073]	0.157					-18.6	(13.2)	[-0.444 - 0.072]	0.158	-18.6	(13.2)	[-0.444 - 0.072]	0.158				
4.income	-7.9	(12.0)	[-0.315 - 0.157]	0.511	-7.9	(12.0)	[-0.315 - 0.157]	0.511					-7.6	(12.1)	[-0.313 - 0.160]	0.528	-7.6	(12.1)	[-0.313 - 0.160]	0.528					-7.8	(12.0)	[-0.314 - 0.157]	0.516	-7.8	(12.0)	[-0.314 - 0.157]	0.516					-11.4	(9.8)	[-0.308 - 0.079]	0.245	-11.4	(9.8)	[-0.308 - 0.079]	0.245					-11.2	(10.0)	[-0.308 - 0.083]	0.260	-11.2	(10.0)	[-0.308 - 0.083]	0.260					-11.6	(10.1)	[-0.313 - 0.081]	0.249	-11.6	(10.1)	[-0.313 - 0.081]	0.249					-12.7	(12.6)	[-0.374 - 0.121]	0.316	-12.7	(12.6)	[-0.374 - 0.121]	0.316					-12.6	(12.8)	[-0.378 - 0.126]	0.326	-12.6	(12.8)	[-0.378 - 0.126]	0.326					-12.1	(12.6)	[-0.367 - 0.126]	0.337	-12.1	(12.6)	[-0.367 - 0.126]	0.337				
5.income	2.8	(11.9)	[-0.207 - 0.262]	0.817	2.8	(11.9)	[-0.207 - 0.262]	0.817					2.6	(12.0)	[-0.208 - 0.261]	0.825	2.6	(12.0)	[-0.208 - 0.261]	0.825					2.7	(12.0)	[-0.209 - 0.263]	0.823	2.7	(12.0)	[-0.209 - 0.263]	0.823					-6.8	(9.8)	[-0.260 - 0.124]	0.489	-6.8	(9.8)	[-0.260 - 0.124]	0.489					-7.3	(9.9)	[-0.266 - 0.121]	0.462	-7.3	(9.9)	[-0.266 - 0.121]	0.462					-7.1	(9.9)	[-0.266 - 0.124]	0.474	-7.1	(9.9)	[-0.266 - 0.124]	0.474					-9.4	(11.8)	[-0.326 - 0.139]	0.429	-9.4	(11.8)	[-0.326 - 0.139]	0.429					-10.4	(12.0)	[-0.340 - 0.132]	0.388	-10.4	(12.0)	[-0.340 - 0.132]	0.388					-10.5	(11.7)	[-0.336 - 0.125]	0.369	-10.5	(11.7)	[-0.336 - 0.125]	0.369				
6.income	-7.1	(11.9)	[-0.304 - 0.162]	0.551	-7.1	(11.9)	[-0.304 - 0.162]	0.551					-6.7	(11.9)	[-0.301 - 0.167]	0.574	-6.7	(11.9)	[-0.301 - 0.167]	0.574					-6.5	(11.9)	[-0.298 - 0.169]	0.587	-6.5	(11.9)	[-0.298 - 0.169]	0.587					-5.5	(9.8)	[-0.247 - 0.137]	0.573	-5.5	(9.8)	[-0.247 - 0.137]	0.573					-5.4	(9.9)	[-0.248 - 0.140]	0.585	-5.4	(9.9)	[-0.248 - 0.140]	0.585					-6.2	(10.1)	[-0.260 - 0.135]	0.535	-6.2	(10.1)	[-0.260 - 0.135]	0.535					-17.6	(12.2)	[-0.415 - 0.064]	0.150	-17.6	(12.2)	[-0.415 - 0.064]	0.150					-17.6	(12.5)	[-0.420 - 0.068]	0.158	-17.6	(12.5)	[-0.420 - 0.068]	0.158					-16.8	(12.2)	[-0.407 - 0.071]	0.167	-16.8	(12.2)	[-0.407 - 0.071]	0.167				
7.income	-4.9	(12.0)	[-0.285 - 0.188]	0.687	-4.9	(12.0)	[-0.285 - 0.188]	0.687					-5.0	(12.1)	[-0.288 - 0.189]	0.683	-5.0	(12.1)	[-0.288 - 0.189]	0.683					-4.6	(12.1)	[-0.283 - 0.192]	0.707	-4.6	(12.1)	[-0.283 - 0.192]	0.707					-2.0	(10.5)	[-0.226 - 0.187]	0.852	-2.0	(10.5)	[-0.226 - 0.187]	0.852					-2.6	(10.5)	[-0.231 - 0.180]	0.808	-2.6	(10.5)	[-0.231 - 0.180]	0.808					-3.0	(10.5)	[-0.235 - 0.176]	0.776	-3.0	(10.5)	[-0.235 - 0.176]	0.776					-7.3	(12.4)	[-0.316 - 0.170]	0.556	-7.3	(12.4)	[-0.316 - 0.170]	0.556					-8.2	(12.6)	[-0.328 - 0.165]	0.516	-8.2	(12.6)	[-0.328 - 0.165]	0.516					-8.0	(12.3)	[-0.322 - 0.162]	0.518	-8.0	(12.3)	[-0.322 - 0.162]	0.518				
8.income	-5.9	(12.7)	[-0.308 - 0.191]	0.644	-5.9	(12.7)	[-0.308 - 0.191]	0.644					-7.2	(12.6)	[-0.320 - 0.176]	0.571	-7.2	(12.6)	[-0.320 - 0.176]	0.571					-7.1	(12.6)	[-0.317 - 0.176]	0.573	-7.1	(12.6)	[-0.317 - 0.176]	0.573					-4.0	(10.2)	[-0.240 - 0.159]	0.690	-4.0	(10.2)	[-0.240 - 0.159]	0.690					-5.3	(10.2)	[-0.252 - 0.146]	0.602	-5.3	(10.2)	[-0.252 - 0.146]	0.602					-5.8	(10.3)	[-0.260 - 0.143]	0.570	-5.8	(10.3)	[-0.260 - 0.143]	0.570					-15.9	(12.9)	[-0.411 - 0.093]	0.216	-15.9	(12.9)	[-0.411 - 0.093]	0.216					-15.3	(13.2)	[-0.412 - 0.106]	0.246	-15.3	(13.2)	[-0.412 - 0.106]	0.246					-14.8	(12.9)	[-0.401 - 0.106]	0.255	-14.8	(12.9)	[-0.401 - 0.106]	0.255				
9.income	-5.4	(11.9)	[-0.287 - 0.180]	0.652	-5.4	(11.9)	[-0.287 - 0.180]	0.652					-5.1	(12.0)	[-0.286 - 0.184]	0.671	-5.1	(12.0)	[-0.286 - 0.184]	0.671					-5.4	(11.9)	[-0.288 - 0.180]	0.649	-5.4	(11.9)	[-0.288 - 0.180]	0.649					-9.7	(9.4)	[-0.282 - 0.088]	0.304	-9.7	(9.4)	[-0.282 - 0.088]	0.304					-9.9	(9.6)	[-0.287 - 0.090]	0.304	-9.9	(9.6)	[-0.287 - 0.090]	0.304					-10.2	(9.7)	[-0.292 - 0.088]	0.292	-10.2	(9.7)	[-0.292 - 0.088]	0.292					-24.8	(11.7)	[-0.477 - -0.019]	0.033	-24.8	(11.7)	[-0.477 - -0.019]	0.033					-25.2	(12.0)	[-0.487 - -0.018]	0.035	-25.2	(12.0)	[-0.487 - -0.018]	0.035					-24.6	(11.7)	[-0.475 - -0.016]	0.036	-24.6	(11.7)	[-0.475 - -0.016]	0.036				
10.income	-0.3	(11.9)	[-0.237 - 0.231]	0.982	-0.3	(11.9)	[-0.237 - 0.231]	0.982					0.8	(12.0)	[-0.227 - 0.242]	0.950	0.8	(12.0)	[-0.227 - 0.242]	0.950					0.7	(12.0)	[-0.228 - 0.242]	0.953	0.7	(12.0)	[-0.228 - 0.242]	0.953					3.1	(9.6)	[-0.158 - 0.219]	0.750	3.1	(9.6)	[-0.158 - 0.219]	0.750					4.1	(9.7)	[-0.149 - 0.232]	0.669	4.1	(9.7)	[-0.149 - 0.232]	0.669					3.7	(9.8)	[-0.155 - 0.230]	0.704	3.7	(9.8)	[-0.155 - 0.230]	0.704					-12.5	(11.5)	[-0.351 - 0.101]	0.279	-12.5	(11.5)	[-0.351 - 0.101]	0.279					-12.3	(11.8)	[-0.355 - 0.110]	0.300	-12.3	(11.8)	[-0.355 - 0.110]	0.300					-11.8	(11.6)	[-0.344 - 0.109]	0.310	-11.8	(11.6)	[-0.344 - 0.109]	0.310				
11.income	-5.6	(11.7)	[-0.286 - 0.174]	0.631	-5.6	(11.7)	[-0.286 - 0.174]	0.631					-5.3	(11.8)	[-0.284 - 0.179]	0.655	-5.3	(11.8)	[-0.284 - 0.179]	0.655					-5.1	(11.8)	[-0.282 - 0.181]	0.667	-5.1	(11.8)	[-0.282 - 0.181]	0.667					-10.6	(9.3)	[-0.289 - 0.077]	0.255	-10.6	(9.3)	[-0.289 - 0.077]	0.255					-10.6	(9.5)	[-0.291 - 0.080]	0.265	-10.6	(9.5)	[-0.291 - 0.080]	0.265					-10.7	(9.5)	[-0.294 - 0.080]	0.263	-10.7	(9.5)	[-0.294 - 0.080]	0.263					-11.7	(11.9)	[-0.351 - 0.116]	0.323	-11.7	(11.9)	[-0.351 - 0.116]	0.323					-11.8	(12.1)	[-0.356 - 0.120]	0.331	-11.8	(12.1)	[-0.356 - 0.120]	0.331					-11.8	(11.9)	[-0.351 - 0.114]	0.319	-11.8	(11.9)	[-0.351 - 0.114]	0.319				
12.income	-3.7	(12.6)	[-0.284 - 0.211]	0.772	-3.7	(12.6)	[-0.284 - 0.211]	0.772					-3.2	(12.6)	[-0.279 - 0.216]	0.801	-3.2	(12.6)	[-0.279 - 0.216]	0.801					-3.4	(12.6)	[-0.282 - 0.214]	0.788	-3.4	(12.6)	[-0.282 - 0.214]	0.788					-2.1	(10.9)	[-0.235 - 0.194]	0.851	-2.1	(10.9)	[-0.235 - 0.194]	0.851					-1.7	(10.9)	[-0.231 - 0.198]	0.879	-1.7	(10.9)	[-0.231 - 0.198]	0.879					-2.0	(11.0)	[-0.235 - 0.196]	0.859	-2.0	(11.0)	[-0.235 - 0.196]	0.859					-14.9	(12.6)	[-0.396 - 0.099]	0.240	-14.9	(12.6)	[-0.396 - 0.099]	0.240					-14.8	(12.9)	[-0.400 - 0.104]	0.249	-14.8	(12.9)	[-0.400 - 0.104]	0.249					-14.3	(12.6)	[-0.390 - 0.104]	0.255	-14.3	(12.6)	[-0.390 - 0.104]	0.255				
13.income	5.8	(11.8)	[-0.174 - 0.291]	0.622	5.8	(11.8)	[-0.174 - 0.291]	0.622					6.7	(11.9)	[-0.166 - 0.300]	0.574	6.7	(11.9)	[-0.166 - 0.300]	0.574					7.0	(11.9)	[-0.163 - 0.303]	0.558	7.0	(11.9)	[-0.163 - 0.303]	0.558					0.9	(9.6)	[-0.180 - 0.197]	0.926	0.9	(9.6)	[-0.180 - 0.197]	0.926					1.8	(9.7)	[-0.172 - 0.208]	0.852	1.8	(9.7)	[-0.172 - 0.208]	0.852					1.3	(9.7)	[-0.178 - 0.204]	0.895	1.3	(9.7)	[-0.178 - 0.204]	0.895					-8.5	(11.8)	[-0.316 - 0.146]	0.471	-8.5	(11.8)	[-0.316 - 0.146]	0.471					-7.7	(12.0)	[-0.313 - 0.158]	0.520	-7.7	(12.0)	[-0.313 - 0.158]	0.520					-7.4	(11.8)	[-0.304 - 0.157]	0.531	-7.4	(11.8)	[-0.304 - 0.157]	0.531				
14.income	-1.7	(11.9)	[-0.251 - 0.216]	0.883	-1.7	(11.9)	[-0.251 - 0.216]	0.883					-0.7	(11.9)	[-0.242 - 0.227]	0.950	-0.7	(11.9)	[-0.242 - 0.227]	0.950					-1.1	(11.9)	[-0.246 - 0.223]	0.925	-1.1	(11.9)	[-0.246 - 0.223]	0.925					-4.5	(9.6)	[-0.234 - 0.144]	0.641	-4.5	(9.6)	[-0.234 - 0.144]	0.641					-4.4	(9.7)	[-0.234 - 0.147]	0.655	-4.4	(9.7)	[-0.234 - 0.147]	0.655					-4.5	(9.8)	[-0.238 - 0.148]	0.649	-4.5	(9.8)	[-0.238 - 0.148]	0.649					-15.2	(12.1)	[-0.389 - 0.085]	0.209	-15.2	(12.1)	[-0.389 - 0.085]	0.209					-14.4	(12.3)	[-0.386 - 0.098]	0.242	-14.4	(12.3)	[-0.386 - 0.098]	0.242					-14.0	(12.1)	[-0.377 - 0.097]	0.246	-14.0	(12.1)	[-0.377 - 0.097]	0.246				
15.income	-7.0	(12.6)	[-0.317 - 0.176]	0.576	-7.0	(12.6)	[-0.317 - 0.176]	0.576					-6.1	(12.6)	[-0.309 - 0.187]	0.630	-6.1	(12.6)	[-0.309 - 0.187]	0.630					-6.2	(12.7)	[-0.311 - 0.186]	0.624	-6.2	(12.7)	[-0.311 - 0.186]	0.624					-7.7	(10.0)	[-0.272 - 0.119]	0.443	-7.7	(10.0)	[-0.272 - 0.119]	0.443					-6.6	(10.1)	[-0.264 - 0.131]	0.510	-6.6	(10.1)	[-0.264 - 0.131]	0.510					-6.8	(10.2)	[-0.267 - 0.131]	0.505	-6.8	(10.2)	[-0.267 - 0.131]	0.505					-16.8	(12.2)	[-0.407 - 0.071]	0.169	-16.8	(12.2)	[-0.407 - 0.071]	0.169					-16.0	(12.5)	[-0.405 - 0.086]	0.202	-16.0	(12.5)	[-0.405 - 0.086]	0.202					-15.7	(12.3)	[-0.399 - 0.084]	0.201	-15.7	(12.3)	[-0.399 - 0.084]	0.201				
16.income	-4.5	(13.0)	[-0.300 - 0.210]	0.731	-4.5	(13.0)	[-0.300 - 0.210]	0.731					-3.5	(13.0)	[-0.290 - 0.220]	0.788	-3.5	(13.0)	[-0.290 - 0.220]	0.788					-3.5	(13.0)	[-0.290 - 0.220]	0.790	-3.5	(13.0)	[-0.290 - 0.220]	0.790					-7.6	(10.5)	[-0.282 - 0.130]	0.469	-7.6	(10.5)	[-0.282 - 0.130]	0.469					-6.6	(10.5)	[-0.271 - 0.140]	0.532	-6.6	(10.5)	[-0.271 - 0.140]	0.532					-6.9	(10.6)	[-0.277 - 0.139]	0.514	-6.9	(10.6)	[-0.277 - 0.139]	0.514					-14.5	(13.3)	[-0.406 - 0.116]	0.275	-14.5	(13.3)	[-0.406 - 0.116]	0.275					-13.4	(13.5)	[-0.399 - 0.130]	0.320	-13.4	(13.5)	[-0.399 - 0.130]	0.320					-13.0	(13.3)	[-0.390 - 0.130]	0.327	-13.0	(13.3)	[-0.390 - 0.130]	0.327				
17.income	21.5	(14.1)	[-0.061 - 0.491]	0.127	21.5	(14.1)	[-0.061 - 0.491]	0.127					22.1	(14.1)	[-0.055 - 0.497]	0.116	22.1	(14.1)	[-0.055 - 0.497]	0.116					22.4	(14.0)	[-0.051 - 0.499]	0.110	22.4	(14.0)	[-0.051 - 0.499]	0.110					18.2	(14.0)	[-0.092 - 0.455]	0.193	18.2	(14.0)	[-0.092 - 0.455]	0.193					18.5	(13.8)	[-0.086 - 0.456]	0.181	18.5	(13.8)	[-0.086 - 0.456]	0.181					18.4	(14.0)	[-0.090 - 0.458]	0.189	18.4	(14.0)	[-0.090 - 0.458]	0.189					-15.1	(15.2)	[-0.449 - 0.147]	0.320	-15.1	(15.2)	[-0.449 - 0.147]	0.320					-15.0	(15.1)	[-0.446 - 0.147]	0.322	-15.0	(15.1)	[-0.446 - 0.147]	0.322					-15.1	(14.9)	[-0.443 - 0.142]	0.312	-15.1	(14.9)	[-0.443 - 0.142]	0.312				
18.income	4.9	(13.2)	[-0.209 - 0.307]	0.712	4.9	(13.2)	[-0.209 - 0.307]	0.712					7.0	(13.3)	[-0.190 - 0.330]	0.599	7.0	(13.3)	[-0.190 - 0.330]	0.599					6.9	(13.2)	[-0.190 - 0.328]	0.602	6.9	(13.2)	[-0.190 - 0.328]	0.602					-3.6	(11.0)	[-0.253 - 0.180]	0.743	-3.6	(11.0)	[-0.253 - 0.180]	0.743					-3.8	(11.1)	[-0.256 - 0.181]	0.734	-3.8	(11.1)	[-0.256 - 0.181]	0.734					-4.1	(11.2)	[-0.261 - 0.179]	0.714	-4.1	(11.2)	[-0.261 - 0.179]	0.714					-2.2	(12.8)	[-0.273 - 0.229]	0.863	-2.2	(12.8)	[-0.273 - 0.229]	0.863					-2.1	(13.1)	[-0.279 - 0.237]	0.872	-2.1	(13.1)	[-0.279 - 0.237]	0.872					-1.7	(12.9)	[-0.270 - 0.237]	0.898	-1.7	(12.9)	[-0.270 - 0.237]	0.898				
2.housing	6.7	(4.1)	[-0.014 - 0.149]	0.105	6.7	(4.1)	[-0.014 - 0.149]	0.105					6.4	(4.1)	[-0.017 - 0.146]	0.122	6.4	(4.1)	[-0.017 - 0.146]	0.122					6.1	(4.1)	[-0.020 - 0.143]	0.137	6.1	(4.1)	[-0.020 - 0.143]	0.137					5.2	(3.8)	[-0.023 - 0.128]	0.174	5.2	(3.8)	[-0.023 - 0.128]	0.174					4.8	(3.8)	[-0.027 - 0.123]	0.208	4.8	(3.8)	[-0.027 - 0.123]	0.208					5.0	(3.8)	[-0.024 - 0.125]	0.186	5.0	(3.8)	[-0.024 - 0.125]	0.186					-1.3	(4.1)	[-0.094 - 0.067]	0.742	-1.3	(4.1)	[-0.094 - 0.067]	0.742					-1.9	(4.1)	[-0.099 - 0.061]	0.646	-1.9	(4.1)	[-0.099 - 0.061]	0.646					-1.9	(4.1)	[-0.099 - 0.061]	0.644	-1.9	(4.1)	[-0.099 - 0.061]	0.644				
3.housing	-1.5	(10.6)	[-0.223 - 0.193]	0.889	-1.5	(10.6)	[-0.223 - 0.193]	0.889					-0.8	(10.5)	[-0.214 - 0.198]	0.941	-0.8	(10.5)	[-0.214 - 0.198]	0.941					-0.9	(10.6)	[-0.216 - 0.198]	0.933	-0.9	(10.6)	[-0.216 - 0.198]	0.933					-2.6	(9.6)	[-0.215 - 0.163]	0.787	-2.6	(9.6)	[-0.215 - 0.163]	0.787					-1.0	(9.5)	[-0.195 - 0.176]	0.919	-1.0	(9.5)	[-0.195 - 0.176]	0.919					-0.5	(9.4)	[-0.189 - 0.178]	0.954	-0.5	(9.4)	[-0.189 - 0.178]	0.954					13.5	(9.2)	[-0.045 - 0.315]	0.141	13.5	(9.2)	[-0.045 - 0.315]	0.141					15.0	(9.1)	[-0.028 - 0.329]	0.099	15.0	(9.1)	[-0.028 - 0.329]	0.099					14.6	(9.1)	[-0.033 - 0.325]	0.110	14.6	(9.1)	[-0.033 - 0.325]	0.110				
2.home_type	-9.7	(4.8)	[-0.190 - -0.003]	0.042	-9.7	(4.8)	[-0.190 - -0.003]	0.042					-9.3	(4.8)	[-0.186 - 0.001]	0.052	-9.3	(4.8)	[-0.186 - 0.001]	0.052					-9.1	(4.8)	[-0.184 - 0.002]	0.056	-9.1	(4.8)	[-0.184 - 0.002]	0.056					-4.3	(4.1)	[-0.123 - 0.037]	0.294	-4.3	(4.1)	[-0.123 - 0.037]	0.294					-3.4	(4.1)	[-0.114 - 0.047]	0.410	-3.4	(4.1)	[-0.114 - 0.047]	0.410					-3.8	(4.1)	[-0.119 - 0.043]	0.359	-3.8	(4.1)	[-0.119 - 0.043]	0.359					-6.4	(5.1)	[-0.164 - 0.036]	0.209	-6.4	(5.1)	[-0.164 - 0.036]	0.209					-5.6	(5.1)	[-0.156 - 0.043]	0.267	-5.6	(5.1)	[-0.156 - 0.043]	0.267					-5.2	(5.0)	[-0.151 - 0.046]	0.297	-5.2	(5.0)	[-0.151 - 0.046]	0.297				
3.home_type	-9.7	(4.6)	[-0.187 - -0.007]	0.035	-9.7	(4.6)	[-0.187 - -0.007]	0.035					-9.6	(4.6)	[-0.187 - -0.006]	0.036	-9.6	(4.6)	[-0.187 - -0.006]	0.036					-9.5	(4.6)	[-0.185 - -0.006]	0.037	-9.5	(4.6)	[-0.185 - -0.006]	0.037					-9.4	(4.1)	[-0.175 - -0.014]	0.022	-9.4	(4.1)	[-0.175 - -0.014]	0.022					-9.2	(4.1)	[-0.173 - -0.011]	0.026	-9.2	(4.1)	[-0.173 - -0.011]	0.026					-9.4	(4.1)	[-0.175 - -0.014]	0.022	-9.4	(4.1)	[-0.175 - -0.014]	0.022					0.7	(4.4)	[-0.079 - 0.093]	0.869	0.7	(4.4)	[-0.079 - 0.093]	0.869					0.6	(4.4)	[-0.080 - 0.093]	0.885	0.6	(4.4)	[-0.080 - 0.093]	0.885					0.8	(4.4)	[-0.078 - 0.094]	0.852	0.8	(4.4)	[-0.078 - 0.094]	0.852				
4.home_type	17.7	(7.8)	[0.024 - 0.329]	0.023	17.7	(7.8)	[0.024 - 0.329]	0.023					18.0	(7.7)	[0.028 - 0.331]	0.020	18.0	(7.7)	[0.028 - 0.331]	0.020					18.5	(7.7)	[0.035 - 0.336]	0.016	18.5	(7.7)	[0.035 - 0.336]	0.016					7.6	(7.4)	[-0.070 - 0.221]	0.309	7.6	(7.4)	[-0.070 - 0.221]	0.309					8.0	(7.2)	[-0.062 - 0.222]	0.269	8.0	(7.2)	[-0.062 - 0.222]	0.269					7.5	(7.2)	[-0.067 - 0.217]	0.299	7.5	(7.2)	[-0.067 - 0.217]	0.299					3.7	(7.6)	[-0.112 - 0.186]	0.626	3.7	(7.6)	[-0.112 - 0.186]	0.626					4.0	(7.6)	[-0.109 - 0.188]	0.600	4.0	(7.6)	[-0.109 - 0.188]	0.600					4.1	(7.6)	[-0.108 - 0.191]	0.590	4.1	(7.6)	[-0.108 - 0.191]	0.590				
5.home_type	-20.4	(18.0)	[-0.557 - 0.149]	0.258	-20.4	(18.0)	[-0.557 - 0.149]	0.258					-21.9	(18.3)	[-0.578 - 0.140]	0.232	-21.9	(18.3)	[-0.578 - 0.140]	0.232					-21.5	(18.7)	[-0.581 - 0.151]	0.249	-21.5	(18.7)	[-0.581 - 0.151]	0.249					-18.2	(11.6)	[-0.409 - 0.044]	0.115	-18.2	(11.6)	[-0.409 - 0.044]	0.115					-20.0	(12.5)	[-0.445 - 0.045]	0.109	-20.0	(12.5)	[-0.445 - 0.045]	0.109					-18.5	(12.5)	[-0.431 - 0.061]	0.141	-18.5	(12.5)	[-0.431 - 0.061]	0.141					14.3	(25.6)	[-0.361 - 0.646]	0.579	14.3	(25.6)	[-0.361 - 0.646]	0.579					12.0	(24.9)	[-0.368 - 0.608]	0.631	12.0	(24.9)	[-0.368 - 0.608]	0.631					9.8	(25.3)	[-0.397 - 0.594]	0.697	9.8	(25.3)	[-0.397 - 0.594]	0.697				
1.internet	1.6	(5.0)	[-0.081 - 0.113]	0.748	1.6	(5.0)	[-0.081 - 0.113]	0.748					1.1	(5.0)	[-0.086 - 0.109]	0.818	1.1	(5.0)	[-0.086 - 0.109]	0.818					1.3	(5.0)	[-0.084 - 0.110]	0.793	1.3	(5.0)	[-0.084 - 0.110]	0.793					-1.9	(4.8)	[-0.113 - 0.074]	0.689	-1.9	(4.8)	[-0.113 - 0.074]	0.689					-2.6	(4.8)	[-0.120 - 0.068]	0.591	-2.6	(4.8)	[-0.120 - 0.068]	0.591					-2.6	(4.8)	[-0.120 - 0.068]	0.588	-2.6	(4.8)	[-0.120 - 0.068]	0.588					3.0	(5.2)	[-0.071 - 0.131]	0.563	3.0	(5.2)	[-0.071 - 0.131]	0.563					2.6	(5.2)	[-0.076 - 0.127]	0.620	2.6	(5.2)	[-0.076 - 0.127]	0.620					2.5	(5.1)	[-0.076 - 0.126]	0.626	2.5	(5.1)	[-0.076 - 0.126]	0.626				
2.phoneservice	-4.1	(7.5)	[-0.188 - 0.107]	0.588	-4.1	(7.5)	[-0.188 - 0.107]	0.588					-4.5	(7.6)	[-0.193 - 0.103]	0.552	-4.5	(7.6)	[-0.193 - 0.103]	0.552					-4.8	(7.6)	[-0.196 - 0.100]	0.528	-4.8	(7.6)	[-0.196 - 0.100]	0.528					-9.7	(6.6)	[-0.227 - 0.033]	0.144	-9.7	(6.6)	[-0.227 - 0.033]	0.144					-10.2	(6.6)	[-0.231 - 0.027]	0.122	-10.2	(6.6)	[-0.231 - 0.027]	0.122					-10.1	(6.5)	[-0.229 - 0.026]	0.119	-10.1	(6.5)	[-0.229 - 0.026]	0.119					7.6	(7.1)	[-0.063 - 0.215]	0.284	7.6	(7.1)	[-0.063 - 0.215]	0.284					7.7	(7.3)	[-0.066 - 0.220]	0.293	7.7	(7.3)	[-0.066 - 0.220]	0.293					7.8	(7.2)	[-0.063 - 0.219]	0.277	7.8	(7.2)	[-0.063 - 0.219]	0.277				
3.phoneservice	0.3	(7.9)	[-0.153 - 0.158]	0.973	0.3	(7.9)	[-0.153 - 0.158]	0.973					-0.2	(8.0)	[-0.158 - 0.155]	0.985	-0.2	(8.0)	[-0.158 - 0.155]	0.985					-0.6	(8.0)	[-0.163 - 0.150]	0.938	-0.6	(8.0)	[-0.163 - 0.150]	0.938					-7.0	(6.9)	[-0.206 - 0.067]	0.316	-7.0	(6.9)	[-0.206 - 0.067]	0.316					-7.4	(6.9)	[-0.209 - 0.062]	0.286	-7.4	(6.9)	[-0.209 - 0.062]	0.286					-7.5	(6.8)	[-0.208 - 0.059]	0.273	-7.5	(6.8)	[-0.208 - 0.059]	0.273					3.7	(7.6)	[-0.112 - 0.187]	0.624	3.7	(7.6)	[-0.112 - 0.187]	0.624					3.3	(7.8)	[-0.120 - 0.187]	0.669	3.3	(7.8)	[-0.120 - 0.187]	0.669					3.8	(7.7)	[-0.113 - 0.189]	0.622	3.8	(7.7)	[-0.113 - 0.189]	0.622				
4.phoneservice	-3.8	(7.4)	[-0.184 - 0.108]	0.607	-3.8	(7.4)	[-0.184 - 0.108]	0.607					-3.7	(7.5)	[-0.184 - 0.111]	0.624	-3.7	(7.5)	[-0.184 - 0.111]	0.624					-3.9	(7.5)	[-0.187 - 0.108]	0.602	-3.9	(7.5)	[-0.187 - 0.108]	0.602					-8.8	(6.8)	[-0.220 - 0.044]	0.193	-8.8	(6.8)	[-0.220 - 0.044]	0.193					-8.7	(6.7)	[-0.219 - 0.044]	0.194	-8.7	(6.7)	[-0.219 - 0.044]	0.194					-8.6	(6.6)	[-0.216 - 0.043]	0.192	-8.6	(6.6)	[-0.216 - 0.043]	0.192					10.2	(7.0)	[-0.036 - 0.240]	0.147	10.2	(7.0)	[-0.036 - 0.240]	0.147					10.3	(7.2)	[-0.039 - 0.245]	0.156	10.3	(7.2)	[-0.039 - 0.245]	0.156					10.3	(7.1)	[-0.036 - 0.243]	0.146	10.3	(7.1)	[-0.036 - 0.243]	0.146				
5.phoneservice	9.2	(17.5)	[-0.251 - 0.435]	0.599	9.2	(17.5)	[-0.251 - 0.435]	0.599					9.8	(17.7)	[-0.249 - 0.445]	0.579	9.8	(17.7)	[-0.249 - 0.445]	0.579					9.9	(17.0)	[-0.234 - 0.433]	0.559	9.9	(17.0)	[-0.234 - 0.433]	0.559					-27.9	(11.3)	[-0.500 - -0.057]	0.014	-27.9	(11.3)	[-0.500 - -0.057]	0.014					-26.2	(11.3)	[-0.483 - -0.040]	0.021	-26.2	(11.3)	[-0.483 - -0.040]	0.021					-27.1	(11.2)	[-0.490 - -0.051]	0.016	-27.1	(11.2)	[-0.490 - -0.051]	0.016					-2.2	(19.2)	[-0.399 - 0.354]	0.908	-2.2	(19.2)	[-0.399 - 0.354]	0.908					-0.5	(19.1)	[-0.379 - 0.368]	0.977	-0.5	(19.1)	[-0.379 - 0.368]	0.977					0.4	(19.3)	[-0.375 - 0.383]	0.984	0.4	(19.3)	[-0.375 - 0.383]	0.984				
52.device	-11.6	(3.2)	[-0.180 - -0.053]	0.000	-11.6	(3.2)	[-0.180 - -0.053]	0.000					-11.5	(3.3)	[-0.179 - -0.051]	0.000	-11.5	(3.3)	[-0.179 - -0.051]	0.000					-11.2	(3.2)	[-0.175 - -0.049]	0.001	-11.2	(3.2)	[-0.175 - -0.049]	0.001					-3.2	(2.9)	[-0.088 - 0.024]	0.262	-3.2	(2.9)	[-0.088 - 0.024]	0.262					-3.1	(2.9)	[-0.088 - 0.025]	0.276	-3.1	(2.9)	[-0.088 - 0.025]	0.276					-3.5	(2.8)	[-0.091 - 0.021]	0.219	-3.5	(2.8)	[-0.091 - 0.021]	0.219					-11.5	(3.1)	[-0.177 - -0.054]	0.000	-11.5	(3.1)	[-0.177 - -0.054]	0.000					-11.4	(3.1)	[-0.176 - -0.053]	0.000	-11.4	(3.1)	[-0.176 - -0.053]	0.000					-11.2	(3.1)	[-0.174 - -0.051]	0.000	-11.2	(3.1)	[-0.174 - -0.051]	0.000				
53.device	-2.3	(6.1)	[-0.142 - 0.095]	0.700	-2.3	(6.1)	[-0.142 - 0.095]	0.700					-2.2	(6.0)	[-0.141 - 0.096]	0.709	-2.2	(6.0)	[-0.141 - 0.096]	0.709					-2.1	(6.0)	[-0.139 - 0.097]	0.728	-2.1	(6.0)	[-0.139 - 0.097]	0.728					3.4	(5.0)	[-0.064 - 0.131]	0.497	3.4	(5.0)	[-0.064 - 0.131]	0.497					3.4	(4.9)	[-0.062 - 0.131]	0.488	3.4	(4.9)	[-0.062 - 0.131]	0.488					3.2	(4.9)	[-0.063 - 0.127]	0.508	3.2	(4.9)	[-0.063 - 0.127]	0.508					3.8	(5.8)	[-0.075 - 0.151]	0.511	3.8	(5.8)	[-0.075 - 0.151]	0.511					3.7	(5.7)	[-0.075 - 0.150]	0.513	3.7	(5.7)	[-0.075 - 0.150]	0.513					3.9	(5.6)	[-0.072 - 0.149]	0.493	3.9	(5.6)	[-0.072 - 0.149]	0.493				
2.durint	-24.5	(13.1)	[-0.501 - 0.011]	0.061	-24.5	(13.1)	[-0.501 - 0.011]	0.061					-26.7	(12.6)	[-0.513 - -0.020]	0.034	-26.7	(12.6)	[-0.513 - -0.020]	0.034					-25.5	(12.6)	[-0.502 - -0.007]	0.044	-25.5	(12.6)	[-0.502 - -0.007]	0.044					-24.6	(15.9)	[-0.559 - 0.066]	0.122	-24.6	(15.9)	[-0.559 - 0.066]	0.122					-28.7	(15.5)	[-0.591 - 0.017]	0.064	-28.7	(15.5)	[-0.591 - 0.017]	0.064					-29.2	(15.2)	[-0.590 - 0.006]	0.055	-29.2	(15.2)	[-0.590 - 0.006]	0.055					20.0	(14.8)	[-0.091 - 0.491]	0.178	20.0	(14.8)	[-0.091 - 0.491]	0.178					15.6	(15.4)	[-0.145 - 0.457]	0.310	15.6	(15.4)	[-0.145 - 0.457]	0.310					15.3	(15.1)	[-0.144 - 0.449]	0.314	15.3	(15.1)	[-0.144 - 0.449]	0.314				
3.durint	-27.1	(13.3)	[-0.532 - -0.009]	0.042	-27.1	(13.3)	[-0.532 - -0.009]	0.042					-29.0	(12.8)	[-0.541 - -0.038]	0.024	-29.0	(12.8)	[-0.541 - -0.038]	0.024					-27.8	(12.8)	[-0.530 - -0.026]	0.031	-27.8	(12.8)	[-0.530 - -0.026]	0.031					-23.0	(16.1)	[-0.546 - 0.086]	0.154	-23.0	(16.1)	[-0.546 - 0.086]	0.154					-27.3	(15.7)	[-0.580 - 0.034]	0.081	-27.3	(15.7)	[-0.580 - 0.034]	0.081					-27.9	(15.3)	[-0.580 - 0.021]	0.068	-27.9	(15.3)	[-0.580 - 0.021]	0.068					22.4	(15.1)	[-0.072 - 0.520]	0.138	22.4	(15.1)	[-0.072 - 0.520]	0.138					17.6	(15.6)	[-0.130 - 0.482]	0.259	17.6	(15.6)	[-0.130 - 0.482]	0.259					17.5	(15.3)	[-0.126 - 0.476]	0.256	17.5	(15.3)	[-0.126 - 0.476]	0.256				
4.durint	-23.4	(14.4)	[-0.517 - 0.049]	0.105	-23.4	(14.4)	[-0.517 - 0.049]	0.105					-25.8	(14.0)	[-0.532 - 0.016]	0.065	-25.8	(14.0)	[-0.532 - 0.016]	0.065					-23.5	(14.0)	[-0.509 - 0.040]	0.094	-23.5	(14.0)	[-0.509 - 0.040]	0.094					-29.6	(16.5)	[-0.620 - 0.028]	0.074	-29.6	(16.5)	[-0.620 - 0.028]	0.074					-34.3	(16.1)	[-0.659 - -0.028]	0.033	-34.3	(16.1)	[-0.659 - -0.028]	0.033					-34.9	(15.8)	[-0.660 - -0.038]	0.028	-34.9	(15.8)	[-0.660 - -0.038]	0.028					14.9	(16.0)	[-0.165 - 0.464]	0.352	14.9	(16.0)	[-0.165 - 0.464]	0.352					9.7	(16.5)	[-0.228 - 0.421]	0.559	9.7	(16.5)	[-0.228 - 0.421]	0.559					8.6	(16.3)	[-0.234 - 0.405]	0.599	8.6	(16.3)	[-0.234 - 0.405]	0.599				
5.durint	-30.7	(13.8)	[-0.579 - -0.036]	0.027	-30.7	(13.8)	[-0.579 - -0.036]	0.027					-32.6	(13.4)	[-0.589 - -0.063]	0.015	-32.6	(13.4)	[-0.589 - -0.063]	0.015					-31.5	(13.5)	[-0.579 - -0.051]	0.019	-31.5	(13.5)	[-0.579 - -0.051]	0.019					-34.2	(16.4)	[-0.663 - -0.022]	0.036	-34.2	(16.4)	[-0.663 - -0.022]	0.036					-38.7	(16.0)	[-0.700 - -0.074]	0.016	-38.7	(16.0)	[-0.700 - -0.074]	0.016					-39.2	(15.7)	[-0.700 - -0.085]	0.012	-39.2	(15.7)	[-0.700 - -0.085]	0.012					18.2	(15.7)	[-0.125 - 0.490]	0.245	18.2	(15.7)	[-0.125 - 0.490]	0.245					13.9	(16.2)	[-0.178 - 0.457]	0.389	13.9	(16.2)	[-0.178 - 0.457]	0.389					13.8	(15.9)	[-0.175 - 0.450]	0.387	13.8	(15.9)	[-0.175 - 0.450]	0.387				
2.treat	-8.7	(3.4)	[-0.154 - -0.021]	0.010					40.7	(2.4)	[0.359 - 0.454]	0.000	-8.3	(3.4)	[-0.150 - -0.017]	0.014					40.8	(2.4)	[0.361 - 0.455]	0.000	-8.3	(3.4)	[-0.149 - -0.016]	0.015					23.2	(2.0)	[0.192 - 0.272]	0.000	-5.2	(3.0)	[-0.110 - 0.007]	0.086					23.2	(2.0)	[0.191 - 0.272]	0.000	-4.6	(3.0)	[-0.105 - 0.012]	0.120					23.2	(2.1)	[0.191 - 0.272]	0.000	-4.6	(3.0)	[-0.105 - 0.012]	0.121					49.9	(2.4)	[0.453 - 0.546]	0.000	-3.5	(3.4)	[-0.101 - 0.031]	0.303					50.0	(2.4)	[0.454 - 0.547]	0.000	-3.4	(3.4)	[-0.100 - 0.032]	0.318					50.0	(2.4)	[0.453 - 0.546]	0.000	-3.4	(3.4)	[-0.101 - 0.032]	0.306					40.6	(2.4)	[0.358 - 0.453]	0.000
3.treat	-5.7	(3.4)	[-0.124 - 0.010]	0.095	3.0	(3.5)	[-0.038 - 0.099]	0.387	43.9	(2.5)	[0.389 - 0.488]	0.000	-5.2	(3.5)	[-0.120 - 0.016]	0.134	3.2	(3.5)	[-0.037 - 0.101]	0.368	43.9	(2.5)	[0.389 - 0.488]	0.000	-5.2	(3.4)	[-0.120 - 0.015]	0.131	3.1	(3.5)	[-0.038 - 0.099]	0.384	22.9	(2.2)	[0.186 - 0.272]	0.000	-5.5	(3.1)	[-0.115 - 0.006]	0.075	-0.3	(3.0)	[-0.062 - 0.055]	0.912	23.1	(2.2)	[0.188 - 0.274]	0.000	-4.7	(3.1)	[-0.107 - 0.014]	0.129	-0.0	(3.0)	[-0.059 - 0.059]	0.991	23.1	(2.2)	[0.189 - 0.274]	0.000	-4.7	(3.1)	[-0.107 - 0.014]	0.128	-0.0	(3.0)	[-0.059 - 0.059]	0.990	54.3	(2.4)	[0.496 - 0.590]	0.000	0.9	(3.4)	[-0.058 - 0.076]	0.790	4.4	(3.4)	[-0.022 - 0.110]	0.194	54.5	(2.4)	[0.499 - 0.592]	0.000	1.1	(3.4)	[-0.055 - 0.078]	0.740	4.5	(3.4)	[-0.021 - 0.111]	0.182	54.5	(2.3)	[0.500 - 0.591]	0.000	1.1	(3.4)	[-0.055 - 0.078]	0.735	4.6	(3.3)	[-0.020 - 0.112]	0.170	43.6	(2.5)	[0.387 - 0.485]	0.000
1.treat					8.7	(3.4)	[0.021 - 0.154]	0.010									8.3	(3.4)	[0.017 - 0.150]	0.014									8.3	(3.4)	[0.016 - 0.149]	0.015									5.2	(3.0)	[-0.007 - 0.110]	0.086									4.6	(3.0)	[-0.012 - 0.105]	0.120									4.6	(3.0)	[-0.012 - 0.105]	0.121									3.5	(3.4)	[-0.031 - 0.101]	0.303									3.4	(3.4)	[-0.032 - 0.100]	0.318									3.4	(3.4)	[-0.032 - 0.101]	0.306				
1bn.treat									49.0	(2.3)	[0.444 - 0.536]	0.000									49.1	(2.3)	[0.445 - 0.537]	0.000									28.4	(2.2)	[0.240 - 0.327]	0.000									27.8	(2.2)	[0.235 - 0.321]	0.000									27.8	(2.2)	[0.235 - 0.321]	0.000									53.4	(2.4)	[0.487 - 0.581]	0.000									53.4	(2.4)	[0.487 - 0.581]	0.000									53.4	(2.4)	[0.487 - 0.581]	0.000									49.3	(2.3)	[0.448 - 0.539]	0.000
partyid7													-1.1	(0.8)	[-0.027 - 0.004]	0.157	-1.1	(0.8)	[-0.027 - 0.004]	0.157					-1.3	(0.8)	[-0.029 - 0.003]	0.108	-1.3	(0.8)	[-0.029 - 0.003]	0.108																	-2.1	(0.7)	[-0.035 - -0.006]	0.005	-2.1	(0.7)	[-0.035 - -0.006]	0.005					-2.0	(0.7)	[-0.034 - -0.006]	0.005	-2.0	(0.7)	[-0.034 - -0.006]	0.005																	-2.3	(0.8)	[-0.038 - -0.008]	0.003	-2.3	(0.8)	[-0.038 - -0.008]	0.003					-2.2	(0.8)	[-0.037 - -0.007]	0.004	-2.2	(0.8)	[-0.037 - -0.007]	0.004				
																																																																																																												
Observations	2,016				2,016				2,009				2,009				2,009				2,009				2,009				2,009				2,012				2,012				2,012				2,005				2,005				2,005				2,005				2,005				2,005				2,009				2,009				2,009				2,002				2,002				2,002				2,002				2,002				2,002				2,016			
Standard errors in brackets																																																																																																												
