	(1)	(2)	(3)	(4)	(5)	(6)	(7)	(8)	(9)
	spk_r1	spk_r2	spk_r3	col_r1	col_r2	col_r3	lib_r1	lib_r2	lib_r3
VARIABLES	spk	spk	spk	col	col	col	lib	lib	lib
									
spk	.	.	.						
	(.)	(.)	(.)						
	[. - .]	[. - .]	[. - .]						
	.	.	.						
2.region4	0.024	0.026	0.026	0.046	0.054	0.051	-0.003	-0.002	0.002
	(0.046)	(0.047)	(0.046)	(0.042)	(0.042)	(0.042)	(0.044)	(0.044)	(0.044)
	[-0.067 - 0.115]	[-0.066 - 0.118]	[-0.065 - 0.117]	[-0.036 - 0.127]	[-0.028 - 0.136]	[-0.031 - 0.132]	[-0.090 - 0.083]	[-0.088 - 0.084]	[-0.084 - 0.087]
	0.605	0.577	0.575	0.269	0.201	0.222	0.938	0.966	0.970
3.region4	-0.009	-0.001	-0.001	0.019	0.035	0.034	-0.089	-0.082	-0.082
	(0.045)	(0.045)	(0.045)	(0.038)	(0.039)	(0.039)	(0.042)	(0.042)	(0.042)
	[-0.097 - 0.079]	[-0.090 - 0.087]	[-0.089 - 0.087]	[-0.056 - 0.093]	[-0.041 - 0.110]	[-0.041 - 0.110]	[-0.171 - -0.007]	[-0.165 - 0.001]	[-0.164 - 0.001]
	0.842	0.976	0.985	0.621	0.371	0.374	0.032	0.052	0.052
4.region4	0.036	0.041	0.040	0.068	0.080	0.081	0.027	0.030	0.030
	(0.049)	(0.049)	(0.049)	(0.042)	(0.042)	(0.042)	(0.045)	(0.045)	(0.045)
	[-0.060 - 0.132]	[-0.056 - 0.138]	[-0.056 - 0.136]	[-0.014 - 0.151]	[-0.003 - 0.163]	[-0.002 - 0.164]	[-0.062 - 0.115]	[-0.059 - 0.119]	[-0.058 - 0.117]
	0.461	0.406	0.411	0.105	0.059	0.056	0.556	0.509	0.509
1.metro	0.026	0.028	0.032	0.045	0.047	0.049	0.053	0.056	0.051
	(0.049)	(0.048)	(0.049)	(0.043)	(0.042)	(0.042)	(0.048)	(0.048)	(0.048)
	[-0.069 - 0.121]	[-0.067 - 0.123]	[-0.063 - 0.127]	[-0.039 - 0.128]	[-0.035 - 0.129]	[-0.033 - 0.131]	[-0.042 - 0.148]	[-0.037 - 0.150]	[-0.043 - 0.146]
	0.592	0.561	0.512	0.295	0.264	0.242	0.271	0.239	0.286
1.female	-0.119	-0.124	-0.126	-0.033	-0.041	-0.040	0.001	-0.007	-0.006
	(0.028)	(0.028)	(0.028)	(0.026)	(0.026)	(0.026)	(0.029)	(0.029)	(0.029)
	[-0.175 - -0.064]	[-0.180 - -0.068]	[-0.182 - -0.071]	[-0.083 - 0.017]	[-0.091 - 0.009]	[-0.090 - 0.010]	[-0.056 - 0.059]	[-0.064 - 0.050]	[-0.063 - 0.051]
	0.000	0.000	0.000	0.195	0.112	0.115	0.960	0.808	0.847
2.age4	-0.107	-0.117	-0.117	-0.067	-0.072	-0.071	-0.108	-0.110	-0.110
	(0.050)	(0.050)	(0.050)	(0.047)	(0.047)	(0.047)	(0.049)	(0.050)	(0.049)
	[-0.205 - -0.009]	[-0.215 - -0.018]	[-0.215 - -0.020]	[-0.160 - 0.026]	[-0.164 - 0.020]	[-0.163 - 0.020]	[-0.205 - -0.011]	[-0.207 - -0.013]	[-0.207 - -0.013]
	0.032	0.020	0.019	0.157	0.124	0.126	0.028	0.027	0.026
3.age4	-0.170	-0.172	-0.173	-0.126	-0.124	-0.123	-0.200	-0.199	-0.198
	(0.053)	(0.053)	(0.053)	(0.050)	(0.050)	(0.050)	(0.053)	(0.053)	(0.052)
	[-0.274 - -0.066]	[-0.277 - -0.067]	[-0.277 - -0.069]	[-0.225 - -0.027]	[-0.222 - -0.026]	[-0.221 - -0.026]	[-0.304 - -0.096]	[-0.302 - -0.096]	[-0.301 - -0.096]
	0.001	0.001	0.001	0.012	0.013	0.013	0.000	0.000	0.000
4.age4	-0.174	-0.178	-0.178	-0.166	-0.169	-0.169	-0.164	-0.169	-0.169
	(0.061)	(0.062)	(0.062)	(0.056)	(0.056)	(0.055)	(0.061)	(0.061)	(0.061)
	[-0.294 - -0.054]	[-0.299 - -0.057]	[-0.298 - -0.057]	[-0.277 - -0.056]	[-0.279 - -0.059]	[-0.277 - -0.060]	[-0.285 - -0.044]	[-0.289 - -0.049]	[-0.289 - -0.050]
	0.005	0.004	0.004	0.003	0.003	0.002	0.008	0.006	0.005
2.race4	-0.001	-0.025	-0.032	0.018	-0.020	-0.018	0.004	-0.037	-0.034
	(0.049)	(0.052)	(0.051)	(0.043)	(0.046)	(0.046)	(0.051)	(0.054)	(0.054)
	[-0.096 - 0.095]	[-0.126 - 0.076]	[-0.132 - 0.068]	[-0.066 - 0.101]	[-0.110 - 0.070]	[-0.108 - 0.071]	[-0.097 - 0.105]	[-0.143 - 0.068]	[-0.140 - 0.071]
	0.987	0.631	0.529	0.678	0.660	0.690	0.938	0.486	0.521
3.race4	-0.044	-0.049	-0.049	0.001	-0.015	-0.013	0.013	0.006	0.004
	(0.061)	(0.061)	(0.061)	(0.056)	(0.055)	(0.055)	(0.052)	(0.052)	(0.052)
	[-0.164 - 0.076]	[-0.169 - 0.071]	[-0.168 - 0.069]	[-0.108 - 0.110]	[-0.123 - 0.093]	[-0.121 - 0.095]	[-0.090 - 0.116]	[-0.096 - 0.108]	[-0.098 - 0.107]
	0.469	0.424	0.414	0.986	0.789	0.811	0.802	0.914	0.935
4.race4	0.047	0.031	0.029	-0.047	-0.068	-0.067	-0.082	-0.095	-0.094
	(0.046)	(0.046)	(0.046)	(0.039)	(0.040)	(0.040)	(0.044)	(0.044)	(0.044)
	[-0.042 - 0.137]	[-0.060 - 0.122]	[-0.062 - 0.119]	[-0.124 - 0.031]	[-0.146 - 0.010]	[-0.145 - 0.010]	[-0.167 - 0.004]	[-0.181 - -0.009]	[-0.180 - -0.008]
	0.299	0.511	0.534	0.236	0.088	0.088	0.061	0.030	0.032
2.hhsize	-0.071	-0.078	-0.076	-0.037	-0.047	-0.048	-0.098	-0.107	-0.107
	(0.050)	(0.050)	(0.050)	(0.045)	(0.045)	(0.045)	(0.046)	(0.046)	(0.046)
	[-0.169 - 0.027]	[-0.177 - 0.020]	[-0.175 - 0.022]	[-0.125 - 0.052]	[-0.136 - 0.042]	[-0.136 - 0.040]	[-0.189 - -0.008]	[-0.198 - -0.016]	[-0.197 - -0.016]
	0.156	0.120	0.130	0.415	0.300	0.286	0.033	0.021	0.021
3.hhsize	-0.102	-0.105	-0.103	-0.070	-0.075	-0.077	-0.172	-0.177	-0.176
	(0.055)	(0.055)	(0.055)	(0.048)	(0.048)	(0.048)	(0.053)	(0.053)	(0.053)
	[-0.210 - 0.007]	[-0.213 - 0.004]	[-0.211 - 0.006]	[-0.164 - 0.024]	[-0.169 - 0.019]	[-0.171 - 0.016]	[-0.275 - -0.069]	[-0.281 - -0.074]	[-0.280 - -0.073]
	0.066	0.058	0.063	0.144	0.117	0.106	0.001	0.001	0.001
4.hhsize	0.008	0.008	0.012	-0.023	-0.027	-0.027	-0.139	-0.140	-0.141
	(0.062)	(0.062)	(0.062)	(0.057)	(0.058)	(0.058)	(0.058)	(0.058)	(0.058)
	[-0.112 - 0.129]	[-0.113 - 0.130]	[-0.109 - 0.132]	[-0.136 - 0.089]	[-0.140 - 0.086]	[-0.140 - 0.086]	[-0.252 - -0.025]	[-0.254 - -0.026]	[-0.256 - -0.027]
	0.891	0.892	0.851	0.685	0.639	0.634	0.017	0.016	0.015
5.hhsize	-0.018	-0.020	-0.013	-0.044	-0.055	-0.056	-0.028	-0.045	-0.049
	(0.068)	(0.068)	(0.068)	(0.062)	(0.061)	(0.061)	(0.063)	(0.063)	(0.062)
	[-0.152 - 0.115]	[-0.152 - 0.113]	[-0.145 - 0.120]	[-0.165 - 0.077]	[-0.174 - 0.065]	[-0.175 - 0.063]	[-0.151 - 0.096]	[-0.168 - 0.078]	[-0.171 - 0.074]
	0.787	0.769	0.850	0.472	0.368	0.357	0.660	0.475	0.436
6.hhsize	-0.036	-0.038	-0.033	0.024	0.018	0.012	-0.123	-0.134	-0.131
	(0.068)	(0.068)	(0.068)	(0.059)	(0.059)	(0.059)	(0.062)	(0.062)	(0.062)
	[-0.169 - 0.097]	[-0.172 - 0.095]	[-0.166 - 0.101]	[-0.093 - 0.140]	[-0.098 - 0.134]	[-0.104 - 0.128]	[-0.244 - -0.002]	[-0.255 - -0.012]	[-0.253 - -0.010]
	0.597	0.574	0.632	0.691	0.764	0.838	0.046	0.031	0.034
2.marital	-0.047	-0.053	-0.053	0.064	0.051	0.050	-0.061	-0.073	-0.070
	(0.082)	(0.082)	(0.081)	(0.071)	(0.071)	(0.071)	(0.067)	(0.065)	(0.066)
	[-0.208 - 0.113]	[-0.213 - 0.107]	[-0.213 - 0.107]	[-0.075 - 0.203]	[-0.088 - 0.191]	[-0.089 - 0.188]	[-0.193 - 0.070]	[-0.201 - 0.055]	[-0.200 - 0.059]
	0.563	0.517	0.515	0.366	0.469	0.483	0.360	0.264	0.287
3.marital	0.016	0.014	0.017	-0.009	-0.017	-0.017	-0.023	-0.028	-0.030
	(0.048)	(0.048)	(0.048)	(0.038)	(0.038)	(0.038)	(0.046)	(0.046)	(0.046)
	[-0.079 - 0.110]	[-0.081 - 0.109]	[-0.077 - 0.112]	[-0.084 - 0.065]	[-0.091 - 0.058]	[-0.091 - 0.057]	[-0.114 - 0.068]	[-0.118 - 0.061]	[-0.119 - 0.060]
	0.746	0.768	0.721	0.805	0.661	0.646	0.620	0.535	0.518
4.marital	0.234	0.264	0.269	0.230	0.254	0.250	-0.084	-0.083	-0.082
	(0.099)	(0.094)	(0.092)	(0.116)	(0.110)	(0.111)	(0.129)	(0.135)	(0.136)
	[0.041 - 0.427]	[0.080 - 0.447]	[0.088 - 0.449]	[0.001 - 0.458]	[0.039 - 0.469]	[0.032 - 0.467]	[-0.338 - 0.170]	[-0.348 - 0.183]	[-0.349 - 0.185]
	0.018	0.005	0.004	0.049	0.020	0.024	0.518	0.541	0.548
5.marital	0.020	0.010	0.011	0.038	0.014	0.013	-0.025	-0.043	-0.044
	(0.049)	(0.049)	(0.049)	(0.046)	(0.047)	(0.047)	(0.049)	(0.049)	(0.049)
	[-0.075 - 0.116]	[-0.086 - 0.106]	[-0.085 - 0.107]	[-0.052 - 0.129]	[-0.078 - 0.105]	[-0.078 - 0.105]	[-0.120 - 0.071]	[-0.140 - 0.053]	[-0.140 - 0.052]
	0.675	0.836	0.817	0.406	0.772	0.775	0.612	0.377	0.370
6.marital	0.079	0.076	0.078	0.094	0.089	0.087	-0.010	-0.017	-0.016
	(0.056)	(0.056)	(0.056)	(0.053)	(0.053)	(0.053)	(0.058)	(0.057)	(0.057)
	[-0.032 - 0.190]	[-0.034 - 0.186]	[-0.032 - 0.188]	[-0.009 - 0.198]	[-0.014 - 0.193]	[-0.017 - 0.192]	[-0.123 - 0.103]	[-0.130 - 0.095]	[-0.128 - 0.096]
	0.163	0.176	0.165	0.073	0.092	0.101	0.866	0.765	0.773
2.relig	-0.074	-0.076	-0.079	-0.022	-0.030	-0.027	0.046	0.036	0.035
	(0.045)	(0.045)	(0.045)	(0.039)	(0.039)	(0.039)	(0.044)	(0.044)	(0.044)
	[-0.162 - 0.014]	[-0.164 - 0.012]	[-0.167 - 0.009]	[-0.098 - 0.053]	[-0.106 - 0.046]	[-0.103 - 0.049]	[-0.041 - 0.132]	[-0.050 - 0.122]	[-0.051 - 0.122]
	0.099	0.092	0.078	0.560	0.442	0.488	0.300	0.416	0.422
3.relig	-0.158	-0.168	-0.163	-0.114	-0.128	-0.134	-0.070	-0.083	-0.080
	(0.154)	(0.156)	(0.157)	(0.092)	(0.097)	(0.096)	(0.150)	(0.144)	(0.143)
	[-0.461 - 0.144]	[-0.474 - 0.138]	[-0.470 - 0.144]	[-0.294 - 0.066]	[-0.319 - 0.062]	[-0.323 - 0.055]	[-0.364 - 0.224]	[-0.365 - 0.199]	[-0.361 - 0.201]
	0.305	0.283	0.299	0.216	0.186	0.163	0.642	0.563	0.575
4.relig	0.373	0.365	0.366	0.363	0.357	0.340	0.133	0.127	0.147
	(0.120)	(0.115)	(0.116)	(0.140)	(0.145)	(0.147)	(0.151)	(0.132)	(0.128)
	[0.138 - 0.608]	[0.140 - 0.590]	[0.139 - 0.593]	[0.088 - 0.638]	[0.073 - 0.641]	[0.052 - 0.627]	[-0.162 - 0.429]	[-0.131 - 0.385]	[-0.103 - 0.398]
	0.002	0.002	0.002	0.010	0.014	0.021	0.377	0.334	0.250
5.relig	0.110	0.100	0.095	0.071	0.057	0.056	0.101	0.080	0.085
	(0.104)	(0.102)	(0.102)	(0.099)	(0.098)	(0.096)	(0.097)	(0.095)	(0.094)
	[-0.093 - 0.314]	[-0.100 - 0.300]	[-0.106 - 0.296]	[-0.124 - 0.266]	[-0.135 - 0.249]	[-0.132 - 0.243]	[-0.089 - 0.291]	[-0.106 - 0.265]	[-0.100 - 0.270]
	0.288	0.325	0.352	0.476	0.561	0.561	0.299	0.398	0.367
6.relig	-0.164	-0.176	-0.168	-0.030	-0.044	-0.048	0.055	0.029	0.027
	(0.188)	(0.190)	(0.190)	(0.207)	(0.212)	(0.209)	(0.183)	(0.183)	(0.187)
	[-0.532 - 0.204]	[-0.549 - 0.197]	[-0.541 - 0.206]	[-0.437 - 0.376]	[-0.460 - 0.371]	[-0.457 - 0.362]	[-0.305 - 0.414]	[-0.331 - 0.389]	[-0.340 - 0.394]
	0.382	0.356	0.379	0.883	0.835	0.819	0.766	0.873	0.885
7.relig	0.149	0.141	0.125	-0.029	-0.041	-0.038	-0.151	-0.173	-0.164
	(0.120)	(0.121)	(0.120)	(0.110)	(0.106)	(0.105)	(0.127)	(0.122)	(0.125)
	[-0.087 - 0.385]	[-0.097 - 0.378]	[-0.111 - 0.361]	[-0.245 - 0.187]	[-0.249 - 0.166]	[-0.245 - 0.168]	[-0.400 - 0.099]	[-0.412 - 0.067]	[-0.409 - 0.080]
	0.215	0.247	0.300	0.790	0.696	0.716	0.236	0.158	0.188
8.relig	-0.355	-0.369	-0.365	-0.278	-0.292	-0.297	-0.162	-0.191	-0.188
	(0.155)	(0.156)	(0.157)	(0.092)	(0.094)	(0.095)	(0.171)	(0.176)	(0.175)
	[-0.659 - -0.050]	[-0.675 - -0.063]	[-0.673 - -0.058]	[-0.458 - -0.097]	[-0.476 - -0.109]	[-0.483 - -0.111]	[-0.497 - 0.174]	[-0.536 - 0.153]	[-0.531 - 0.154]
	0.023	0.018	0.020	0.003	0.002	0.002	0.346	0.276	0.282
9.relig	0.186	0.161	0.160	0.106	0.066	0.070	0.255	0.205	0.201
	(0.068)	(0.071)	(0.071)	(0.064)	(0.065)	(0.065)	(0.060)	(0.062)	(0.062)
	[0.053 - 0.320]	[0.022 - 0.300]	[0.020 - 0.300]	[-0.020 - 0.233]	[-0.062 - 0.194]	[-0.058 - 0.198]	[0.137 - 0.373]	[0.082 - 0.327]	[0.079 - 0.323]
	0.006	0.023	0.026	0.098	0.314	0.285	0.000	0.001	0.001
10.relig	0.075	0.059	0.054	0.032	0.005	0.008	0.132	0.099	0.099
	(0.072)	(0.074)	(0.075)	(0.064)	(0.065)	(0.064)	(0.070)	(0.070)	(0.070)
	[-0.066 - 0.217]	[-0.086 - 0.204]	[-0.093 - 0.201]	[-0.093 - 0.156]	[-0.122 - 0.132]	[-0.118 - 0.135]	[-0.005 - 0.268]	[-0.039 - 0.236]	[-0.037 - 0.235]
	0.297	0.427	0.470	0.621	0.935	0.900	0.059	0.160	0.155
11.relig	0.098	0.089	0.089	0.097	0.078	0.079	0.199	0.175	0.173
	(0.049)	(0.050)	(0.050)	(0.045)	(0.045)	(0.045)	(0.049)	(0.050)	(0.050)
	[0.002 - 0.195]	[-0.010 - 0.187]	[-0.010 - 0.188]	[0.010 - 0.184]	[-0.011 - 0.166]	[-0.010 - 0.168]	[0.102 - 0.295]	[0.077 - 0.272]	[0.075 - 0.270]
	0.046	0.077	0.078	0.029	0.087	0.081	0.000	0.000	0.001
12.relig	-0.036	-0.036	-0.037	0.009	0.009	0.008	-0.022	-0.025	-0.023
	(0.040)	(0.041)	(0.040)	(0.037)	(0.036)	(0.036)	(0.041)	(0.041)	(0.041)
	[-0.116 - 0.043]	[-0.115 - 0.044]	[-0.116 - 0.042]	[-0.062 - 0.081]	[-0.062 - 0.080]	[-0.063 - 0.080]	[-0.102 - 0.059]	[-0.105 - 0.056]	[-0.103 - 0.057]
	0.370	0.378	0.363	0.798	0.807	0.823	0.601	0.550	0.570
13.relig	0.113	0.091	0.090	0.208	0.170	0.165	0.087	0.041	0.047
	(0.108)	(0.107)	(0.108)	(0.115)	(0.115)	(0.114)	(0.118)	(0.115)	(0.116)
	[-0.100 - 0.325]	[-0.119 - 0.301]	[-0.121 - 0.301]	[-0.017 - 0.434]	[-0.054 - 0.395]	[-0.059 - 0.389]	[-0.143 - 0.318]	[-0.185 - 0.266]	[-0.179 - 0.274]
	0.298	0.394	0.404	0.070	0.137	0.148	0.458	0.723	0.681
14.relig	0.101	0.087	0.088	0.112	0.089	0.088	0.086	0.061	0.061
	(0.108)	(0.108)	(0.109)	(0.094)	(0.093)	(0.093)	(0.105)	(0.106)	(0.106)
	[-0.111 - 0.313]	[-0.124 - 0.299]	[-0.125 - 0.301]	[-0.072 - 0.296]	[-0.093 - 0.271]	[-0.093 - 0.270]	[-0.119 - 0.292]	[-0.147 - 0.269]	[-0.146 - 0.268]
	0.350	0.418	0.420	0.233	0.337	0.340	0.411	0.565	0.563
15.relig	0.076	0.087	0.093	0.256	0.200	0.202	-0.157	-0.124	-0.131
	(0.138)	(0.147)	(0.150)	(0.137)	(0.140)	(0.142)	(0.109)	(0.144)	(0.144)
	[-0.195 - 0.348]	[-0.201 - 0.374]	[-0.200 - 0.387]	[-0.012 - 0.524]	[-0.074 - 0.475]	[-0.076 - 0.480]	[-0.371 - 0.057]	[-0.406 - 0.158]	[-0.415 - 0.152]
	0.581	0.555	0.533	0.061	0.152	0.154	0.151	0.388	0.364
2.educ4	0.071	0.073	0.076	-0.073	-0.066	-0.068	-0.064	-0.054	-0.053
	(0.066)	(0.067)	(0.067)	(0.062)	(0.061)	(0.061)	(0.062)	(0.060)	(0.060)
	[-0.059 - 0.201]	[-0.059 - 0.205]	[-0.056 - 0.207]	[-0.194 - 0.048]	[-0.185 - 0.054]	[-0.187 - 0.051]	[-0.186 - 0.057]	[-0.172 - 0.064]	[-0.171 - 0.064]
	0.285	0.279	0.258	0.239	0.283	0.262	0.299	0.370	0.373
3.educ4	0.180	0.184	0.188	-0.025	-0.022	-0.027	0.050	0.055	0.058
	(0.064)	(0.065)	(0.064)	(0.060)	(0.059)	(0.059)	(0.059)	(0.057)	(0.057)
	[0.054 - 0.305]	[0.057 - 0.311]	[0.062 - 0.315]	[-0.142 - 0.092]	[-0.138 - 0.093]	[-0.142 - 0.087]	[-0.066 - 0.166]	[-0.057 - 0.167]	[-0.054 - 0.169]
	0.005	0.004	0.003	0.670	0.705	0.640	0.394	0.334	0.309
4.educ4	0.261	0.260	0.264	0.107	0.108	0.102	0.197	0.194	0.198
	(0.068)	(0.069)	(0.069)	(0.063)	(0.063)	(0.063)	(0.063)	(0.060)	(0.060)
	[0.128 - 0.395]	[0.124 - 0.396]	[0.129 - 0.399]	[-0.017 - 0.231]	[-0.016 - 0.232]	[-0.021 - 0.225]	[0.074 - 0.319]	[0.076 - 0.313]	[0.081 - 0.316]
	0.000	0.000	0.000	0.092	0.088	0.105	0.002	0.001	0.001
2.income	0.095	0.100	0.099	0.018	0.024	0.022	-0.194	-0.185	-0.183
	(0.140)	(0.140)	(0.140)	(0.131)	(0.131)	(0.131)	(0.138)	(0.142)	(0.140)
	[-0.179 - 0.368]	[-0.175 - 0.374]	[-0.176 - 0.374]	[-0.238 - 0.275]	[-0.232 - 0.280]	[-0.235 - 0.279]	[-0.464 - 0.076]	[-0.463 - 0.093]	[-0.457 - 0.092]
	0.498	0.476	0.480	0.889	0.855	0.865	0.160	0.192	0.191
3.income	-0.026	-0.019	-0.017	-0.022	-0.012	-0.017	-0.198	-0.190	-0.186
	(0.136)	(0.136)	(0.136)	(0.118)	(0.120)	(0.120)	(0.133)	(0.135)	(0.132)
	[-0.293 - 0.241]	[-0.286 - 0.248]	[-0.283 - 0.250]	[-0.254 - 0.211]	[-0.247 - 0.223]	[-0.252 - 0.217]	[-0.459 - 0.063]	[-0.454 - 0.073]	[-0.444 - 0.072]
	0.849	0.891	0.902	0.854	0.921	0.886	0.136	0.157	0.158
4.income	-0.079	-0.076	-0.078	-0.114	-0.112	-0.116	-0.127	-0.126	-0.121
	(0.120)	(0.121)	(0.120)	(0.098)	(0.100)	(0.101)	(0.126)	(0.128)	(0.126)
	[-0.315 - 0.157]	[-0.313 - 0.160]	[-0.314 - 0.157]	[-0.308 - 0.079]	[-0.308 - 0.083]	[-0.313 - 0.081]	[-0.374 - 0.121]	[-0.378 - 0.126]	[-0.367 - 0.126]
	0.511	0.528	0.516	0.245	0.260	0.249	0.316	0.326	0.337
5.income	0.028	0.026	0.027	-0.068	-0.073	-0.071	-0.094	-0.104	-0.105
	(0.119)	(0.120)	(0.120)	(0.098)	(0.099)	(0.099)	(0.118)	(0.120)	(0.117)
	[-0.207 - 0.262]	[-0.208 - 0.261]	[-0.209 - 0.263]	[-0.260 - 0.124]	[-0.266 - 0.121]	[-0.266 - 0.124]	[-0.326 - 0.139]	[-0.340 - 0.132]	[-0.336 - 0.125]
	0.817	0.825	0.823	0.489	0.462	0.474	0.429	0.388	0.369
6.income	-0.071	-0.067	-0.065	-0.055	-0.054	-0.062	-0.176	-0.176	-0.168
	(0.119)	(0.119)	(0.119)	(0.098)	(0.099)	(0.101)	(0.122)	(0.125)	(0.122)
	[-0.304 - 0.162]	[-0.301 - 0.167]	[-0.298 - 0.169]	[-0.247 - 0.137]	[-0.248 - 0.140]	[-0.260 - 0.135]	[-0.415 - 0.064]	[-0.420 - 0.068]	[-0.407 - 0.071]
	0.551	0.574	0.587	0.573	0.585	0.535	0.150	0.158	0.167
7.income	-0.049	-0.050	-0.046	-0.020	-0.026	-0.030	-0.073	-0.082	-0.080
	(0.120)	(0.121)	(0.121)	(0.105)	(0.105)	(0.105)	(0.124)	(0.126)	(0.123)
	[-0.285 - 0.188]	[-0.288 - 0.189]	[-0.283 - 0.192]	[-0.226 - 0.187]	[-0.231 - 0.180]	[-0.235 - 0.176]	[-0.316 - 0.170]	[-0.328 - 0.165]	[-0.322 - 0.162]
	0.687	0.683	0.707	0.852	0.808	0.776	0.556	0.516	0.518
8.income	-0.059	-0.072	-0.071	-0.040	-0.053	-0.058	-0.159	-0.153	-0.148
	(0.127)	(0.126)	(0.126)	(0.102)	(0.102)	(0.103)	(0.129)	(0.132)	(0.129)
	[-0.308 - 0.191]	[-0.320 - 0.176]	[-0.317 - 0.176]	[-0.240 - 0.159]	[-0.252 - 0.146]	[-0.260 - 0.143]	[-0.411 - 0.093]	[-0.412 - 0.106]	[-0.401 - 0.106]
	0.644	0.571	0.573	0.690	0.602	0.570	0.216	0.246	0.255
9.income	-0.054	-0.051	-0.054	-0.097	-0.099	-0.102	-0.248	-0.252	-0.246
	(0.119)	(0.120)	(0.119)	(0.094)	(0.096)	(0.097)	(0.117)	(0.120)	(0.117)
	[-0.287 - 0.180]	[-0.286 - 0.184]	[-0.288 - 0.180]	[-0.282 - 0.088]	[-0.287 - 0.090]	[-0.292 - 0.088]	[-0.477 - -0.019]	[-0.487 - -0.018]	[-0.475 - -0.016]
	0.652	0.671	0.649	0.304	0.304	0.292	0.033	0.035	0.036
10.income	-0.003	0.008	0.007	0.031	0.041	0.037	-0.125	-0.123	-0.118
	(0.119)	(0.120)	(0.120)	(0.096)	(0.097)	(0.098)	(0.115)	(0.118)	(0.116)
	[-0.237 - 0.231]	[-0.227 - 0.242]	[-0.228 - 0.242]	[-0.158 - 0.219]	[-0.149 - 0.232]	[-0.155 - 0.230]	[-0.351 - 0.101]	[-0.355 - 0.110]	[-0.344 - 0.109]
	0.982	0.950	0.953	0.750	0.669	0.704	0.279	0.300	0.310
11.income	-0.056	-0.053	-0.051	-0.106	-0.106	-0.107	-0.117	-0.118	-0.118
	(0.117)	(0.118)	(0.118)	(0.093)	(0.095)	(0.095)	(0.119)	(0.121)	(0.119)
	[-0.286 - 0.174]	[-0.284 - 0.179]	[-0.282 - 0.181]	[-0.289 - 0.077]	[-0.291 - 0.080]	[-0.294 - 0.080]	[-0.351 - 0.116]	[-0.356 - 0.120]	[-0.351 - 0.114]
	0.631	0.655	0.667	0.255	0.265	0.263	0.323	0.331	0.319
12.income	-0.037	-0.032	-0.034	-0.021	-0.017	-0.020	-0.149	-0.148	-0.143
	(0.126)	(0.126)	(0.126)	(0.109)	(0.109)	(0.110)	(0.126)	(0.129)	(0.126)
	[-0.284 - 0.211]	[-0.279 - 0.216]	[-0.282 - 0.214]	[-0.235 - 0.194]	[-0.231 - 0.198]	[-0.235 - 0.196]	[-0.396 - 0.099]	[-0.400 - 0.104]	[-0.390 - 0.104]
	0.772	0.801	0.788	0.851	0.879	0.859	0.240	0.249	0.255
13.income	0.058	0.067	0.070	0.009	0.018	0.013	-0.085	-0.077	-0.074
	(0.118)	(0.119)	(0.119)	(0.096)	(0.097)	(0.097)	(0.118)	(0.120)	(0.118)
	[-0.174 - 0.291]	[-0.166 - 0.300]	[-0.163 - 0.303]	[-0.180 - 0.197]	[-0.172 - 0.208]	[-0.178 - 0.204]	[-0.316 - 0.146]	[-0.313 - 0.158]	[-0.304 - 0.157]
	0.622	0.574	0.558	0.926	0.852	0.895	0.471	0.520	0.531
14.income	-0.017	-0.007	-0.011	-0.045	-0.044	-0.045	-0.152	-0.144	-0.140
	(0.119)	(0.119)	(0.119)	(0.096)	(0.097)	(0.098)	(0.121)	(0.123)	(0.121)
	[-0.251 - 0.216]	[-0.242 - 0.227]	[-0.246 - 0.223]	[-0.234 - 0.144]	[-0.234 - 0.147]	[-0.238 - 0.148]	[-0.389 - 0.085]	[-0.386 - 0.098]	[-0.377 - 0.097]
	0.883	0.950	0.925	0.641	0.655	0.649	0.209	0.242	0.246
15.income	-0.070	-0.061	-0.062	-0.077	-0.066	-0.068	-0.168	-0.160	-0.157
	(0.126)	(0.126)	(0.127)	(0.100)	(0.101)	(0.102)	(0.122)	(0.125)	(0.123)
	[-0.317 - 0.176]	[-0.309 - 0.187]	[-0.311 - 0.186]	[-0.272 - 0.119]	[-0.264 - 0.131]	[-0.267 - 0.131]	[-0.407 - 0.071]	[-0.405 - 0.086]	[-0.399 - 0.084]
	0.576	0.630	0.624	0.443	0.510	0.505	0.169	0.202	0.201
16.income	-0.045	-0.035	-0.035	-0.076	-0.066	-0.069	-0.145	-0.134	-0.130
	(0.130)	(0.130)	(0.130)	(0.105)	(0.105)	(0.106)	(0.133)	(0.135)	(0.133)
	[-0.300 - 0.210]	[-0.290 - 0.220]	[-0.290 - 0.220]	[-0.282 - 0.130]	[-0.271 - 0.140]	[-0.277 - 0.139]	[-0.406 - 0.116]	[-0.399 - 0.130]	[-0.390 - 0.130]
	0.731	0.788	0.790	0.469	0.532	0.514	0.275	0.320	0.327
17.income	0.215	0.221	0.224	0.182	0.185	0.184	-0.151	-0.150	-0.151
	(0.141)	(0.141)	(0.140)	(0.140)	(0.138)	(0.140)	(0.152)	(0.151)	(0.149)
	[-0.061 - 0.491]	[-0.055 - 0.497]	[-0.051 - 0.499]	[-0.092 - 0.455]	[-0.086 - 0.456]	[-0.090 - 0.458]	[-0.449 - 0.147]	[-0.446 - 0.147]	[-0.443 - 0.142]
	0.127	0.116	0.110	0.193	0.181	0.189	0.320	0.322	0.312
18.income	0.049	0.070	0.069	-0.036	-0.038	-0.041	-0.022	-0.021	-0.017
	(0.132)	(0.133)	(0.132)	(0.110)	(0.111)	(0.112)	(0.128)	(0.131)	(0.129)
	[-0.209 - 0.307]	[-0.190 - 0.330]	[-0.190 - 0.328]	[-0.253 - 0.180]	[-0.256 - 0.181]	[-0.261 - 0.179]	[-0.273 - 0.229]	[-0.279 - 0.237]	[-0.270 - 0.237]
	0.712	0.599	0.602	0.743	0.734	0.714	0.863	0.872	0.898
2.housing	0.067	0.064	0.061	0.052	0.048	0.050	-0.013	-0.019	-0.019
	(0.041)	(0.041)	(0.041)	(0.038)	(0.038)	(0.038)	(0.041)	(0.041)	(0.041)
	[-0.014 - 0.149]	[-0.017 - 0.146]	[-0.020 - 0.143]	[-0.023 - 0.128]	[-0.027 - 0.123]	[-0.024 - 0.125]	[-0.094 - 0.067]	[-0.099 - 0.061]	[-0.099 - 0.061]
	0.105	0.122	0.137	0.174	0.208	0.186	0.742	0.646	0.644
3.housing	-0.015	-0.008	-0.009	-0.026	-0.010	-0.005	0.135	0.150	0.146
	(0.106)	(0.105)	(0.106)	(0.096)	(0.095)	(0.094)	(0.092)	(0.091)	(0.091)
	[-0.223 - 0.193]	[-0.214 - 0.198]	[-0.216 - 0.198]	[-0.215 - 0.163]	[-0.195 - 0.176]	[-0.189 - 0.178]	[-0.045 - 0.315]	[-0.028 - 0.329]	[-0.033 - 0.325]
	0.889	0.941	0.933	0.787	0.919	0.954	0.141	0.099	0.110
2.home_type	-0.097	-0.093	-0.091	-0.043	-0.034	-0.038	-0.064	-0.056	-0.052
	(0.048)	(0.048)	(0.048)	(0.041)	(0.041)	(0.041)	(0.051)	(0.051)	(0.050)
	[-0.190 - -0.003]	[-0.186 - 0.001]	[-0.184 - 0.002]	[-0.123 - 0.037]	[-0.114 - 0.047]	[-0.119 - 0.043]	[-0.164 - 0.036]	[-0.156 - 0.043]	[-0.151 - 0.046]
	0.042	0.052	0.056	0.294	0.410	0.359	0.209	0.267	0.297
3.home_type	-0.097	-0.096	-0.095	-0.094	-0.092	-0.094	0.007	0.006	0.008
	(0.046)	(0.046)	(0.046)	(0.041)	(0.041)	(0.041)	(0.044)	(0.044)	(0.044)
	[-0.187 - -0.007]	[-0.187 - -0.006]	[-0.185 - -0.006]	[-0.175 - -0.014]	[-0.173 - -0.011]	[-0.175 - -0.014]	[-0.079 - 0.093]	[-0.080 - 0.093]	[-0.078 - 0.094]
	0.035	0.036	0.037	0.022	0.026	0.022	0.869	0.885	0.852
4.home_type	0.177	0.180	0.185	0.076	0.080	0.075	0.037	0.040	0.041
	(0.078)	(0.077)	(0.077)	(0.074)	(0.072)	(0.072)	(0.076)	(0.076)	(0.076)
	[0.024 - 0.329]	[0.028 - 0.331]	[0.035 - 0.336]	[-0.070 - 0.221]	[-0.062 - 0.222]	[-0.067 - 0.217]	[-0.112 - 0.186]	[-0.109 - 0.188]	[-0.108 - 0.191]
	0.023	0.020	0.016	0.309	0.269	0.299	0.626	0.600	0.590
5.home_type	-0.204	-0.219	-0.215	-0.182	-0.200	-0.185	0.143	0.120	0.098
	(0.180)	(0.183)	(0.187)	(0.116)	(0.125)	(0.125)	(0.256)	(0.249)	(0.253)
	[-0.557 - 0.149]	[-0.578 - 0.140]	[-0.581 - 0.151]	[-0.409 - 0.044]	[-0.445 - 0.045]	[-0.431 - 0.061]	[-0.361 - 0.646]	[-0.368 - 0.608]	[-0.397 - 0.594]
	0.258	0.232	0.249	0.115	0.109	0.141	0.579	0.631	0.697
1.internet	0.016	0.011	0.013	-0.019	-0.026	-0.026	0.030	0.026	0.025
	(0.050)	(0.050)	(0.050)	(0.048)	(0.048)	(0.048)	(0.052)	(0.052)	(0.051)
	[-0.081 - 0.113]	[-0.086 - 0.109]	[-0.084 - 0.110]	[-0.113 - 0.074]	[-0.120 - 0.068]	[-0.120 - 0.068]	[-0.071 - 0.131]	[-0.076 - 0.127]	[-0.076 - 0.126]
	0.748	0.818	0.793	0.689	0.591	0.588	0.563	0.620	0.626
2.phoneservice	-0.041	-0.045	-0.048	-0.097	-0.102	-0.101	0.076	0.077	0.078
	(0.075)	(0.076)	(0.076)	(0.066)	(0.066)	(0.065)	(0.071)	(0.073)	(0.072)
	[-0.188 - 0.107]	[-0.193 - 0.103]	[-0.196 - 0.100]	[-0.227 - 0.033]	[-0.231 - 0.027]	[-0.229 - 0.026]	[-0.063 - 0.215]	[-0.066 - 0.220]	[-0.063 - 0.219]
	0.588	0.552	0.528	0.144	0.122	0.119	0.284	0.293	0.277
3.phoneservice	0.003	-0.002	-0.006	-0.070	-0.074	-0.075	0.037	0.033	0.038
	(0.079)	(0.080)	(0.080)	(0.069)	(0.069)	(0.068)	(0.076)	(0.078)	(0.077)
	[-0.153 - 0.158]	[-0.158 - 0.155]	[-0.163 - 0.150]	[-0.206 - 0.067]	[-0.209 - 0.062]	[-0.208 - 0.059]	[-0.112 - 0.187]	[-0.120 - 0.187]	[-0.113 - 0.189]
	0.973	0.985	0.938	0.316	0.286	0.273	0.624	0.669	0.622
4.phoneservice	-0.038	-0.037	-0.039	-0.088	-0.087	-0.086	0.102	0.103	0.103
	(0.074)	(0.075)	(0.075)	(0.068)	(0.067)	(0.066)	(0.070)	(0.072)	(0.071)
	[-0.184 - 0.108]	[-0.184 - 0.111]	[-0.187 - 0.108]	[-0.220 - 0.044]	[-0.219 - 0.044]	[-0.216 - 0.043]	[-0.036 - 0.240]	[-0.039 - 0.245]	[-0.036 - 0.243]
	0.607	0.624	0.602	0.193	0.194	0.192	0.147	0.156	0.146
5.phoneservice	0.092	0.098	0.099	-0.279	-0.262	-0.271	-0.022	-0.005	0.004
	(0.175)	(0.177)	(0.170)	(0.113)	(0.113)	(0.112)	(0.192)	(0.191)	(0.193)
	[-0.251 - 0.435]	[-0.249 - 0.445]	[-0.234 - 0.433]	[-0.500 - -0.057]	[-0.483 - -0.040]	[-0.490 - -0.051]	[-0.399 - 0.354]	[-0.379 - 0.368]	[-0.375 - 0.383]
	0.599	0.579	0.559	0.014	0.021	0.016	0.908	0.977	0.984
52.device	-0.116	-0.115	-0.112	-0.032	-0.031	-0.035	-0.115	-0.114	-0.112
	(0.032)	(0.033)	(0.032)	(0.029)	(0.029)	(0.028)	(0.031)	(0.031)	(0.031)
	[-0.180 - -0.053]	[-0.179 - -0.051]	[-0.175 - -0.049]	[-0.088 - 0.024]	[-0.088 - 0.025]	[-0.091 - 0.021]	[-0.177 - -0.054]	[-0.176 - -0.053]	[-0.174 - -0.051]
	0.000	0.000	0.001	0.262	0.276	0.219	0.000	0.000	0.000
53.device	-0.023	-0.022	-0.021	0.034	0.034	0.032	0.038	0.037	0.039
	(0.061)	(0.060)	(0.060)	(0.050)	(0.049)	(0.049)	(0.058)	(0.057)	(0.056)
	[-0.142 - 0.095]	[-0.141 - 0.096]	[-0.139 - 0.097]	[-0.064 - 0.131]	[-0.062 - 0.131]	[-0.063 - 0.127]	[-0.075 - 0.151]	[-0.075 - 0.150]	[-0.072 - 0.149]
	0.700	0.709	0.728	0.497	0.488	0.508	0.511	0.513	0.493
2.durint	-0.245	-0.267	-0.255	-0.246	-0.287	-0.292	0.200	0.156	0.153
	(0.131)	(0.126)	(0.126)	(0.159)	(0.155)	(0.152)	(0.148)	(0.154)	(0.151)
	[-0.501 - 0.011]	[-0.513 - -0.020]	[-0.502 - -0.007]	[-0.559 - 0.066]	[-0.591 - 0.017]	[-0.590 - 0.006]	[-0.091 - 0.491]	[-0.145 - 0.457]	[-0.144 - 0.449]
	0.061	0.034	0.044	0.122	0.064	0.055	0.178	0.310	0.314
3.durint	-0.271	-0.290	-0.278	-0.230	-0.273	-0.279	0.224	0.176	0.175
	(0.133)	(0.128)	(0.128)	(0.161)	(0.157)	(0.153)	(0.151)	(0.156)	(0.153)
	[-0.532 - -0.009]	[-0.541 - -0.038]	[-0.530 - -0.026]	[-0.546 - 0.086]	[-0.580 - 0.034]	[-0.580 - 0.021]	[-0.072 - 0.520]	[-0.130 - 0.482]	[-0.126 - 0.476]
	0.042	0.024	0.031	0.154	0.081	0.068	0.138	0.259	0.256
4.durint	-0.234	-0.258	-0.235	-0.296	-0.343	-0.349	0.149	0.097	0.086
	(0.144)	(0.140)	(0.140)	(0.165)	(0.161)	(0.158)	(0.160)	(0.165)	(0.163)
	[-0.517 - 0.049]	[-0.532 - 0.016]	[-0.509 - 0.040]	[-0.620 - 0.028]	[-0.659 - -0.028]	[-0.660 - -0.038]	[-0.165 - 0.464]	[-0.228 - 0.421]	[-0.234 - 0.405]
	0.105	0.065	0.094	0.074	0.033	0.028	0.352	0.559	0.599
5.durint	-0.307	-0.326	-0.315	-0.342	-0.387	-0.392	0.182	0.139	0.138
	(0.138)	(0.134)	(0.135)	(0.164)	(0.160)	(0.157)	(0.157)	(0.162)	(0.159)
	[-0.579 - -0.036]	[-0.589 - -0.063]	[-0.579 - -0.051]	[-0.663 - -0.022]	[-0.700 - -0.074]	[-0.700 - -0.085]	[-0.125 - 0.490]	[-0.178 - 0.457]	[-0.175 - 0.450]
	0.027	0.015	0.019	0.036	0.016	0.012	0.245	0.389	0.387
2.treat	-0.087	-0.083	0.024	-0.052	-0.046	-0.096	-0.035	-0.034	-0.058
	(0.034)	(0.034)	(0.072)	(0.030)	(0.030)	(0.064)	(0.034)	(0.034)	(0.074)
	[-0.154 - -0.021]	[-0.150 - -0.017]	[-0.118 - 0.166]	[-0.110 - 0.007]	[-0.105 - 0.012]	[-0.221 - 0.030]	[-0.101 - 0.031]	[-0.100 - 0.032]	[-0.202 - 0.086]
	0.010	0.014	0.740	0.086	0.120	0.135	0.303	0.318	0.430
3.treat	-0.057	-0.052	-0.022	-0.055	-0.047	-0.137	0.009	0.011	0.093
	(0.034)	(0.035)	(0.075)	(0.031)	(0.031)	(0.065)	(0.034)	(0.034)	(0.069)
	[-0.124 - 0.010]	[-0.120 - 0.016]	[-0.169 - 0.124]	[-0.115 - 0.006]	[-0.107 - 0.014]	[-0.264 - -0.010]	[-0.058 - 0.076]	[-0.055 - 0.078]	[-0.043 - 0.229]
	0.095	0.134	0.766	0.075	0.129	0.035	0.790	0.740	0.180
partyid7		-0.011	-0.001		-0.021	-0.032		-0.023	-0.018
		(0.008)	(0.012)		(0.007)	(0.011)		(0.008)	(0.012)
		[-0.027 - 0.004]	[-0.025 - 0.022]		[-0.035 - -0.006]	[-0.053 - -0.011]		[-0.038 - -0.008]	[-0.041 - 0.005]
		0.157	0.916		0.005	0.003		0.003	0.132
1b.treat#co.partyid7			0.000			0.000			0.000
			(0.000)			(0.000)			(0.000)
			[0.000 - 0.000]			[0.000 - 0.000]			[0.000 - 0.000]
			.			.			.
2.treat#c.partyid7			-0.028			0.013			0.006
			(0.017)			(0.014)			(0.017)
			[-0.060 - 0.005]			[-0.014 - 0.040]			[-0.028 - 0.040]
			0.093			0.358			0.724
3.treat#c.partyid7			-0.008			0.023			-0.021
			(0.017)			(0.015)			(0.016)
			[-0.041 - 0.026]			[-0.006 - 0.052]			[-0.053 - 0.011]
			0.650			0.114			0.193
col				.	.	.			
				(.)	(.)	(.)			
				[. - .]	[. - .]	[. - .]			
				.	.	.			
lib							.	.	.
							(.)	(.)	(.)
							[. - .]	[. - .]	[. - .]
							.	.	.
Constant	0.864	0.939	0.881	0.723	0.864	0.921	0.554	0.715	0.692
	(0.199)	(0.204)	(0.203)	(0.199)	(0.205)	(0.204)	(0.222)	(0.231)	(0.228)
	[0.474 - 1.253]	[0.539 - 1.339]	[0.484 - 1.279]	[0.334 - 1.113]	[0.463 - 1.266]	[0.521 - 1.320]	[0.118 - 0.990]	[0.262 - 1.168]	[0.245 - 1.140]
	0.000	0.000	0.000	0.000	0.000	0.000	0.013	0.002	0.002
									
Observations	2,016	2,009	2,009	2,012	2,005	2,005	2,009	2,002	2,002
R-squared	0.161	0.165	0.167	0.126	0.135	0.136	0.181	0.186	0.187
Robust standard errors in brackets									
